800	0	0.3048	71.3	0.00266337	126.201	252.402
1000	0	0.3048	71.3	0.00266337	125.201	250.402
1250	0	0.3048	71.3	0.00266337	125.951	251.902
1600	0	0.3048	71.3	0.00266337	127.591	255.182
2000	0	0.3048	71.3	0.00266337	127.461	254.922
2500	0	0.3048	71.3	0.00266337	125.571	251.142
3150	0	0.3048	71.3	0.00266337	125.201	250.402
4000	0	0.3048	71.3	0.00266337	123.061	246.122
5000	0	0.3048	71.3	0.00266337	121.301	242.602
6300	0	0.3048	71.3	0.00266337	119.541	239.082
8000	0	0.3048	71.3	0.00266337	117.151	234.302
10000	0	0.3048	71.3	0.00266337	115.391	230.782
12500	0	0.3048	71.3	0.00266337	112.241	224.482
16000	0	0.3048	71.3	0.00266337	108.721	217.442
500	0	0.3048	55.5	0.00283081	126.416	252.832
630	0	0.3048	55.5	0.00283081	127.696	255.392
800	0	0.3048	55.5	0.00283081	128.086	256.172
1000	0	0.3048	55.5	0.00283081	126.966	253.932
1250	0	0.3048	55.5	0.00283081	126.086	252.172
1600	0	0.3048	55.5	0.00283081	126.986	253.972
2000	0	0.3048	55.5	0.00283081	126.616	253.232
2500	0	0.3048	55.5	0.00283081	124.106	248.212
3150	0	0.3048	55.5	0.00283081	123.236	246.472
4000	0	0.3048	55.5	0.00283081	121.106	242.212
5000	0	0.3048	55.5	0.00283081	119.606	239.212
6300	0	0.3048	55.5	0.00283081	117.976	235.952
8000	0	0.3048	55.5	0.00283081	116.476	232.952
10000	0	0.3048	55.5	0.00283081	113.076	226.152
12500	0	0.3048	55.5	0.00283081	111.076	222.152
200	0	0.3048	39.6	0.00310138	118.129	236.258
250	0	0.3048	39.6	0.00310138	119.319	238.638
315	0	0.3048	39.6	0.00310138	122.779	245.558
400	0	0.3048	39.6	0.00310138	124.809	249.618
500	0	0.3048	39.6	0.00310138	126.959	253.918
630	0	0.3048	39.6	0.00310138	128.629	257.258
800	0	0.3048	39.6	0.00310138	129.099	258.198
1000	0	0.3048	39.6	0.00310138	127.899	255.798
1250	0	0.3048	39.6	0.00310138	125.499	250.998
1600	0	0.3048	39.6	0.00310138	124.049	248.098
2000	0	0.3048	39.6	0.00310138	123.689	247.378
2500	0	0.3048	39.6	0.00310138	121.399	242.798
3150	0	0.3048	39.6	0.00310138	120.319	240.638
4000	0	0.3048	39.6	0.00310138	119.229	238.458
5000	0	0.3048	39.6	0.00310138	117.789	235.578
6300	0	0.3048	39.6	0.00310138	116.229	232.458
8000	0	0.3048	39.6	0.00310138	114.779	229.558
10000	0	0.3048	39.6	0.00310138	112.139	224.278
12500	0	0.3048	39.6	0.00310138	109.619	219.238
200	0	0.3048	31.7	0.00331266	117.195	234.390
250	0	0.3048	31.7	0.00331266	118.595	237.190
315	0	0.3048	31.7	0.00331266	122.765	245.530
400	0	0.3048	31.7	0.00331266	125.045	250.090
500	0	0.3048	31.7	0.00331266	127.315	254.630
630	0	0.3048	31.7	0.00331266	129.095	258.190
800	0	0.3048	31.7	0.00331266	129.235	258.470
1000	0	0.3048	31.7	0.00331266	127.365	254.730
1250	0	0.3048	31.7	0.00331266	124.355	248.710
1600	0	0.3048	31.7	0.00331266	122.365	244.730
2000	0	0.3048	31.7	0.00331266	122.375	244.750
2500	0	0.3048	31.7	0.00331266	120.755	241.510
3150	0	0.3048	31.7	0.00331266	119.135	238.270
4000	0	0.3048	31.7	0.00331266	118.145	236.290
5000	0	0.3048	31.7	0.00331266	115.645	231.290
6300	0	0.3048	31.7	0.00331266	113.775	227.550
8000	0	0.3048	31.7	0.00331266	110.515	221.030
10000	0	0.3048	31.7	0.00331266	108.265	216.530
800	1.5	0.3048	71.3	0.00336729	127.122	254.244
1000	1.5	0.3048	71.3	0.00336729	125.992	251.984
1250	1.5	0.3048	71.3	0.00336729	125.872	251.744
1600	1.5	0.3048	71.3	0.00336729	126.632	253.264
2000	1.5	0.3048	71.3	0.00336729	126.642	253.284
2500	1.5	0.3048	71.3	0.00336729	124.512	249.024
3150	1.5	0.3048	71.3	0.00336729	123.392	246.784
4000	1.5	0.3048	71.3	0.00336729	121.762	243.524
5000	1.5	0.3048	71.3	0.00336729	119.632	239.264
6300	1.5	0.3048	71.3	0.00336729	118.122	236.244
8000	1.5	0.3048	71.3	0.00336729	115.372	230.744
10000	1.5	0.3048	71.3	0.00336729	113.492	226.984
12500	1.5	0.3048	71.3	0.00336729	109.222	218.444
16000	1.5	0.3048	71.3	0.00336729	106.582	213.164
315	1.5	0.3048	39.6	0.00392107	121.851	243.702
400	1.5	0.3048	39.6	0.00392107	124.001	248.002
500	1.5	0.3048	39.6	0.00392107	126.661	253.322
630	1.5	0.3048	39.6	0.00392107	128.311	256.622
800	1.5	0.3048	39.6	0.00392107	128.831	257.662
1000	1.5	0.3048	39.6	0.00392107	127.581	255.162
1250	1.5	0.3048	39.6	0.00392107	125.211	250.422
1600	1.5	0.3048	39.6	0.00392107	122.211	244.422
2000	1.5	0.3048	39.6	0.00392107	122.101	244.202
2500	1.5	0.3048	39.6	0.00392107	120.981	241.962
3150	1.5	0.3048	39.6	0.00392107	119.111	238.222
4000	1.5	0.3048	39.6	0.00392107	117.741	235.482
5000	1.5	0.3048	39.6	0.00392107	116.241	232.482
6300	1.5	0.3048	39.6	0.00392107	114.751	229.502
8000	1.5	0.3048	39.6	0.00392107	112.251	224.502
10000	1.5	0.3048	39.6	0.00392107	108.991	217.982
12500	1.5	0.3048	39.6	0.00392107	106.111	212.222
400	3	0.3048	71.3	0.00425727	127.564	255.128
500	3	0.3048	71.3	0.00425727	128.454	256.908
630	3	0.3048	71.3	0.00425727	129.354	258.708
800	3	0.3048	71.3	0.00425727	129.494	258.988
1000	3	0.3048	71.3	0.00425727	129.004	258.008
1250	3	0.3048	71.3	0.00425727	127.634	255.268
1600	3	0.3048	71.3	0.00425727	126.514	253.028
2000	3	0.3048	71.3	0.00425727	125.524	251.048
2500	3	0.3048	71.3	0.00425727	124.024	248.048
3150	3	0.3048	71.3	0.00425727	121.514	243.028
4000	3	0.3048	71.3	0.00425727	120.264	240.528
5000	3	0.3048	71.3	0.00425727	118.134	236.268
6300	3	0.3048	71.3	0.00425727	116.134	232.268
8000	3	0.3048	71.3	0.00425727	114.634	229.268
10000	3	0.3048	71.3	0.00425727	110.224	220.448
400	3	0.3048	55.5	0.00452492	126.159	252.318
500	3	0.3048	55.5	0.00452492	128.179	256.358
630	3	0.3048	55.5	0.00452492	129.569	259.138
800	3	0.3048	55.5	0.00452492	129.949	259.898
1000	3	0.3048	55.5	0.00452492	129.329	258.658
1250	3	0.3048	55.5	0.00452492	127.329	254.658
1600	3	0.3048	55.5	0.00452492	124.439	248.878
2000	3	0.3048	55.5	0.00452492	123.069	246.138
2500	3	0.3048	55.5	0.00452492	122.439	244.878
3150	3	0.3048	55.5	0.00452492	120.189	240.378
4000	3	0.3048	55.5	0.00452492	118.689	237.378
5000	3	0.3048	55.5	0.00452492	117.309	234.618
6300	3	0.3048	55.5	0.00452492	115.679	231.358
8000	3	0.3048	55.5	0.00452492	113.799	227.598
10000	3	0.3048	55.5	0.00452492	112.169	224.338
315	3	0.3048	39.6	0.00495741	123.312	246.624
400	3	0.3048	39.6	0.00495741	125.472	250.944
500	3	0.3048	39.6	0.00495741	127.632	255.264
630	3	0.3048	39.6	0.00495741	129.292	258.584
800	3	0.3048	39.6	0.00495741	129.552	259.104
1000	3	0.3048	39.6	0.00495741	128.312	256.624
1250	3	0.3048	39.6	0.00495741	125.802	251.604
1600	3	0.3048	39.6	0.00495741	122.782	245.564
2000	3	0.3048	39.6	0.00495741	120.532	241.064
2500	3	0.3048	39.6	0.00495741	120.162	240.324
3150	3	0.3048	39.6	0.00495741	118.922	237.844
4000	3	0.3048	39.6	0.00495741	116.792	233.584
5000	3	0.3048	39.6	0.00495741	115.792	231.584
6300	3	0.3048	39.6	0.00495741	114.042	228.084
8000	3	0.3048	39.6	0.00495741	110.652	221.304
315	3	0.3048	31.7	0.00529514	123.118	246.236
400	3	0.3048	31.7	0.00529514	125.398	250.796
500	3	0.3048	31.7	0.00529514	127.548	255.096
630	3	0.3048	31.7	0.00529514	128.698	257.396
800	3	0.3048	31.7	0.00529514	128.708	257.416
1000	3	0.3048	31.7	0.00529514	126.838	253.676
1250	3	0.3048	31.7	0.00529514	124.838	249.676
1600	3	0.3048	31.7	0.00529514	122.088	244.176
2000	3	0.3048	31.7	0.00529514	120.088	240.176
2500	3	0.3048	31.7	0.00529514	119.598	239.196
3150	3	0.3048	31.7	0.00529514	118.108	236.216
4000	3	0.3048	31.7	0.00529514	115.608	231.216
5000	3	0.3048	31.7	0.00529514	113.858	227.716
6300	3	0.3048	31.7	0.00529514	109.718	219.436
250	4	0.3048	71.3	0.00497773	126.395	252.790
315	4	0.3048	71.3	0.00497773	128.175	256.350
400	4	0.3048	71.3	0.00497773	129.575	259.150
500	4	0.3048	71.3	0.00497773	130.715	261.430
630	4	0.3048	71.3	0.00497773	131.615	263.230
800	4	0.3048	71.3	0.00497773	131.755	263.510
1000	4	0.3048	71.3	0.00497773	131.015	262.030
1250	4	0.3048	71.3	0.00497773	129.395	258.790
1600	4	0.3048	71.3	0.00497773	126.645	253.290
2000	4	0.3048	71.3	0.00497773	124.395	248.790
2500	4	0.3048	71.3	0.00497773	123.775	247.550
3150	4	0.3048	71.3	0.00497773	121.775	243.550
4000	4	0.3048	71.3	0.00497773	119.535	239.070
5000	4	0.3048	71.3	0.00497773	117.785	235.570
6300	4	0.3048	71.3	0.00497773	116.165	232.330
8000	4	0.3048	71.3	0.00497773	113.665	227.330
10000	4	0.3048	71.3	0.00497773	110.905	221.810
12500	4	0.3048	71.3	0.00497773	107.405	214.810
250	4	0.3048	39.6	0.00579636	123.543	247.086
315	4	0.3048	39.6	0.00579636	126.843	253.686
400	4	0.3048	39.6	0.00579636	128.633	257.266
500	4	0.3048	39.6	0.00579636	130.173	260.346
630	4	0.3048	39.6	0.00579636	131.073	262.146
800	4	0.3048	39.6	0.00579636	130.723	261.446
1000	4	0.3048	39.6	0.00579636	128.723	257.446
1250	4	0.3048	39.6	0.00579636	126.343	252.686
1600	4	0.3048	39.6	0.00579636	123.213	246.426
2000	4	0.3048	39.6	0.00579636	120.963	241.926
2500	4	0.3048	39.6	0.00579636	120.233	240.466
3150	4	0.3048	39.6	0.00579636	118.743	237.486
4000	4	0.3048	39.6	0.00579636	115.863	231.726
5000	4	0.3048	39.6	0.00579636	113.733	227.466
1250	0	0.2286	71.3	0.00214345	128.144	256.288
1600	0	0.2286	71.3	0.00214345	129.134	258.268
2000	0	0.2286	71.3	0.00214345	128.244	256.488
2500	0	0.2286	71.3	0.00214345	128.354	256.708
3150	0	0.2286	71.3	0.00214345	127.834	255.668
4000	0	0.2286	71.3	0.00214345	125.824	251.648
5000	0	0.2286	71.3	0.00214345	124.304	248.608
6300	0	0.2286	71.3	0.00214345	122.044	244.088
8000	0	0.2286	71.3	0.00214345	118.024	236.048
10000	0	0.2286	71.3	0.00214345	118.134	236.268
12500	0	0.2286	71.3	0.00214345	117.624	235.248
16000	0	0.2286	71.3	0.00214345	114.984	229.968
20000	0	0.2286	71.3	0.00214345	114.474	228.948
315	0	0.2286	55.5	0.00229336	119.540	239.080
400	0	0.2286	55.5	0.00229336	121.660	243.320
500	0	0.2286	55.5	0.00229336	123.780	247.560
630	0	0.2286	55.5	0.00229336	126.160	252.320
800	0	0.2286	55.5	0.00229336	127.530	255.060
1000	0	0.2286	55.5	0.00229336	128.290	256.580
1250	0	0.2286	55.5	0.00229336	127.910	255.820
1600	0	0.2286	55.5	0.00229336	126.790	253.580
2000	0	0.2286	55.5	0.00229336	126.540	253.080
2500	0	0.2286	55.5	0.00229336	126.540	253.080
3150	0	0.2286	55.5	0.00229336	125.160	250.320
4000	0	0.2286	55.5	0.00229336	123.410	246.820
5000	0	0.2286	55.5	0.00229336	122.410	244.820
6300	0	0.2286	55.5	0.00229336	118.410	236.820
315	0	0.2286	39.6	0.00253511	121.055	242.110
400	0	0.2286	39.6	0.00253511	123.565	247.130
500	0	0.2286	39.6	0.00253511	126.195	252.390
630	0	0.2286	39.6	0.00253511	128.705	257.410
800	0	0.2286	39.6	0.00253511	130.205	260.410
1000	0	0.2286	39.6	0.00253511	130.435	260.870
1250	0	0.2286	39.6	0.00253511	129.395	258.790
1600	0	0.2286	39.6	0.00253511	127.095	254.190
2000	0	0.2286	39.6	0.00253511	125.305	250.610
2500	0	0.2286	39.6	0.00253511	125.025	250.050
3150	0	0.2286	39.6	0.00253511	124.625	249.250
4000	0	0.2286	39.6	0.00253511	123.465	246.930
5000	0	0.2286	39.6	0.00253511	122.175	244.350
6300	0	0.2286	39.6	0.00253511	117.465	234.930
315	0	0.2286	31.7	0.0027238	120.595	241.190
400	0	0.2286	31.7	0.0027238	123.635	247.270
500	0	0.2286	31.7	0.0027238	126.675	253.350
630	0	0.2286	31.7	0.0027238	129.465	258.930
800	0	0.2286	31.7	0.0027238	130.725	261.450
1000	0	0.2286	31.7	0.0027238	130.595	261.190
1250	0	0.2286	31.7	0.0027238	128.805	257.610
1600	0	0.2286	31.7	0.0027238	125.625	251.250
2000	0	0.2286	31.7	0.0027238	123.455	246.910
2500	0	0.2286	31.7	0.0027238	123.445	246.890
3150	0	0.2286	31.7	0.0027238	123.445	246.890
4000	0	0.2286	31.7	0.0027238	122.035	244.070
5000	0	0.2286	31.7	0.0027238	120.505	241.010
6300	0	0.2286	31.7	0.0027238	116.815	233.630
400	2	0.2286	71.3	0.00293031	125.116	250.232
500	2	0.2286	71.3	0.00293031	126.486	252.972
630	2	0.2286	71.3	0.00293031	127.356	254.712
800	2	0.2286	71.3	0.00293031	128.216	256.432
1000	2	0.2286	71.3	0.00293031	128.956	257.912
1250	2	0.2286	71.3	0.00293031	128.816	257.632
1600	2	0.2286	71.3	0.00293031	127.796	255.592
2000	2	0.2286	71.3	0.00293031	126.896	253.792
2500	2	0.2286	71.3	0.00293031	127.006	254.012
3150	2	0.2286	71.3	0.00293031	126.116	252.232
4000	2	0.2286	71.3	0.00293031	124.086	248.172
5000	2	0.2286	71.3	0.00293031	122.816	245.632
6300	2	0.2286	71.3	0.00293031	120.786	241.572
8000	2	0.2286	71.3	0.00293031	115.996	231.992
10000	2	0.2286	71.3	0.00293031	113.086	226.172
400	2	0.2286	55.5	0.00313525	122.292	244.584
500	2	0.2286	55.5	0.00313525	124.692	249.384
630	2	0.2286	55.5	0.00313525	126.842	253.684
800	2	0.2286	55.5	0.00313525	128.492	256.984
1000	2	0.2286	55.5	0.00313525	129.002	258.004
1250	2	0.2286	55.5	0.00313525	128.762	257.524
1600	2	0.2286	55.5	0.00313525	126.752	253.504
2000	2	0.2286	55.5	0.00313525	124.612	249.224
2500	2	0.2286	55.5	0.00313525	123.862	247.724
3150	2	0.2286	55.5	0.00313525	123.742	247.484
4000	2	0.2286	55.5	0.00313525	122.232	244.464
5000	2	0.2286	55.5	0.00313525	120.472	240.944
6300	2	0.2286	55.5	0.00313525	118.712	237.424
315	2	0.2286	39.6	0.00346574	120.137	240.274
400	2	0.2286	39.6	0.00346574	122.147	244.294
500	2	0.2286	39.6	0.00346574	125.157	250.314
630	2	0.2286	39.6	0.00346574	127.417	254.834
800	2	0.2286	39.6	0.00346574	129.037	258.074
1000	2	0.2286	39.6	0.00346574	129.147	258.294
1250	2	0.2286	39.6	0.00346574	128.257	256.514
1600	2	0.2286	39.6	0.00346574	125.837	251.674
2000	2	0.2286	39.6	0.00346574	122.797	245.594
2500	2	0.2286	39.6	0.00346574	121.397	242.794
3150	2	0.2286	39.6	0.00346574	121.627	243.254
4000	2	0.2286	39.6	0.00346574	120.227	240.454
5000	2	0.2286	39.6	0.00346574	118.827	237.654
6300	2	0.2286	39.6	0.00346574	116.417	232.834
315	2	0.2286	31.7	0.00372371	120.147	240.294
400	2	0.2286	31.7	0.00372371	123.417	246.834
500	2	0.2286	31.7	0.00372371	126.677	253.354
630	2	0.2286	31.7	0.00372371	129.057	258.114
800	2	0.2286	31.7	0.00372371	130.307	260.614
1000	2	0.2286	31.7	0.00372371	130.307	260.614
1250	2	0.2286	31.7	0.00372371	128.677	257.354
1600	2	0.2286	31.7	0.00372371	125.797	251.594
2000	2	0.2286	31.7	0.00372371	123.037	246.074
2500	2	0.2286	31.7	0.00372371	121.407	242.814
3150	2	0.2286	31.7	0.00372371	121.527	243.054
4000	2	0.2286	31.7	0.00372371	120.527	241.054
5000	2	0.2286	31.7	0.00372371	118.267	236.534
6300	2	0.2286	31.7	0.00372371	115.137	230.274
500	4	0.2286	71.3	0.00400603	126.758	253.516
630	4	0.2286	71.3	0.00400603	129.038	258.076
800	4	0.2286	71.3	0.00400603	130.688	261.376
1000	4	0.2286	71.3	0.00400603	131.708	263.416
1250	4	0.2286	71.3	0.00400603	131.718	263.436
1600	4	0.2286	71.3	0.00400603	129.468	258.936
2000	4	0.2286	71.3	0.00400603	126.218	252.436
2500	4	0.2286	71.3	0.00400603	124.338	248.676
3150	4	0.2286	71.3	0.00400603	124.108	248.216
4000	4	0.2286	71.3	0.00400603	121.728	243.456
5000	4	0.2286	71.3	0.00400603	121.118	242.236
6300	4	0.2286	71.3	0.00400603	118.618	237.236
8000	4	0.2286	71.3	0.00400603	112.848	225.696
10000	4	0.2286	71.3	0.00400603	113.108	226.216
12500	4	0.2286	71.3	0.00400603	114.258	228.516
16000	4	0.2286	71.3	0.00400603	112.768	225.536
20000	4	0.2286	71.3	0.00400603	109.638	219.276
400	4	0.2286	55.5	0.0042862	123.274	246.548
500	4	0.2286	55.5	0.0042862	127.314	254.628
630	4	0.2286	55.5	0.0042862	129.964	259.928
800	4	0.2286	55.5	0.0042862	131.864	263.728
1000	4	0.2286	55.5	0.0042862	132.134	264.268
1250	4	0.2286	55.5	0.0042862	131.264	262.528
1600	4	0.2286	55.5	0.0042862	128.264	256.528
2000	4	0.2286	55.5	0.0042862	124.254	248.508
2500	4	0.2286	55.5	0.0042862	122.384	244.768
3150	4	0.2286	55.5	0.0042862	122.394	244.788
4000	4	0.2286	55.5	0.0042862	120.654	241.308
5000	4	0.2286	55.5	0.0042862	120.034	240.068
6300	4	0.2286	55.5	0.0042862	117.154	234.308
8000	4	0.2286	55.5	0.0042862	112.524	225.048
315	4	0.2286	39.6	0.00473801	122.229	244.458
400	4	0.2286	39.6	0.00473801	123.879	247.758
500	4	0.2286	39.6	0.00473801	127.039	254.078
630	4	0.2286	39.6	0.00473801	129.579	259.158
800	4	0.2286	39.6	0.00473801	130.469	260.938
1000	4	0.2286	39.6	0.00473801	129.969	259.938
1250	4	0.2286	39.6	0.00473801	128.339	256.678
1600	4	0.2286	39.6	0.00473801	125.319	250.638
2000	4	0.2286	39.6	0.00473801	121.659	243.318
2500	4	0.2286	39.6	0.00473801	119.649	239.298
3150	4	0.2286	39.6	0.00473801	120.419	240.838
4000	4	0.2286	39.6	0.00473801	119.159	238.318
5000	4	0.2286	39.6	0.00473801	117.649	235.298
6300	4	0.2286	39.6	0.00473801	114.249	228.498
8000	4	0.2286	39.6	0.00473801	113.129	226.258
250	4	0.2286	31.7	0.00509068	120.189	240.378
315	4	0.2286	31.7	0.00509068	123.609	247.218
400	4	0.2286	31.7	0.00509068	126.149	252.298
500	4	0.2286	31.7	0.00509068	128.939	257.878
630	4	0.2286	31.7	0.00509068	130.349	260.698
800	4	0.2286	31.7	0.00509068	130.869	261.738
1000	4	0.2286	31.7	0.00509068	129.869	259.738
1250	4	0.2286	31.7	0.00509068	128.119	256.238
1600	4	0.2286	31.7	0.00509068	125.229	250.458
2000	4	0.2286	31.7	0.00509068	122.089	244.178
2500	4	0.2286	31.7	0.00509068	120.209	240.418
3150	4	0.2286	31.7	0.00509068	120.229	240.458
4000	4	0.2286	31.7	0.00509068	118.859	237.718
5000	4	0.2286	31.7	0.00509068	115.969	231.938
6300	4	0.2286	31.7	0.00509068	112.699	225.398
400	5.3	0.2286	71.3	0.0051942	127.700	255.400
500	5.3	0.2286	71.3	0.0051942	129.880	259.760
630	5.3	0.2286	71.3	0.0051942	131.800	263.600
800	5.3	0.2286	71.3	0.0051942	133.480	266.960
1000	5.3	0.2286	71.3	0.0051942	134.000	268.000
1250	5.3	0.2286	71.3	0.0051942	133.380	266.760
1600	5.3	0.2286	71.3	0.0051942	130.460	260.920
2000	5.3	0.2286	71.3	0.0051942	125.890	251.780
2500	5.3	0.2286	71.3	0.0051942	123.740	247.480
3150	5.3	0.2286	71.3	0.0051942	123.120	246.240
4000	5.3	0.2286	71.3	0.0051942	120.330	240.660
5000	5.3	0.2286	71.3	0.0051942	118.050	236.100
6300	5.3	0.2286	71.3	0.0051942	116.920	233.840
8000	5.3	0.2286	71.3	0.0051942	114.900	229.800
10000	5.3	0.2286	71.3	0.0051942	111.350	222.700
250	5.3	0.2286	39.6	0.00614329	127.011	254.022
315	5.3	0.2286	39.6	0.00614329	129.691	259.382
400	5.3	0.2286	39.6	0.00614329	131.221	262.442
500	5.3	0.2286	39.6	0.00614329	132.251	264.502
630	5.3	0.2286	39.6	0.00614329	132.011	264.022
800	5.3	0.2286	39.6	0.00614329	129.491	258.982
1000	5.3	0.2286	39.6	0.00614329	125.581	251.162
1250	5.3	0.2286	39.6	0.00614329	125.721	251.442
1600	5.3	0.2286	39.6	0.00614329	123.081	246.162
2000	5.3	0.2286	39.6	0.00614329	117.911	235.822
2500	5.3	0.2286	39.6	0.00614329	116.151	232.302
3150	5.3	0.2286	39.6	0.00614329	118.441	236.882
4000	5.3	0.2286	39.6	0.00614329	115.801	231.602
5000	5.3	0.2286	39.6	0.00614329	115.311	230.622
6300	5.3	0.2286	39.6	0.00614329	112.541	225.082
200	7.3	0.2286	71.3	0.0104404	138.758	277.516
250	7.3	0.2286	71.3	0.0104404	139.918	279.836
315	7.3	0.2286	71.3	0.0104404	139.808	279.616
400	7.3	0.2286	71.3	0.0104404	139.438	278.876
500	7.3	0.2286	71.3	0.0104404	136.798	273.596
630	7.3	0.2286	71.3	0.0104404	133.768	267.536
800	7.3	0.2286	71.3	0.0104404	130.748	261.496
1000	7.3	0.2286	71.3	0.0104404	126.838	253.676
1250	7.3	0.2286	71.3	0.0104404	127.358	254.716
1600	7.3	0.2286	71.3	0.0104404	125.728	251.456
2000	7.3	0.2286	71.3	0.0104404	122.708	245.416
2500	7.3	0.2286	71.3	0.0104404	122.088	244.176
3150	7.3	0.2286	71.3	0.0104404	120.458	240.916
4000	7.3	0.2286	71.3	0.0104404	119.208	238.416
5000	7.3	0.2286	71.3	0.0104404	115.298	230.596
6300	7.3	0.2286	71.3	0.0104404	115.818	231.636
200	7.3	0.2286	55.5	0.0111706	135.234	270.468
250	7.3	0.2286	55.5	0.0111706	136.384	272.768
315	7.3	0.2286	55.5	0.0111706	136.284	272.568
400	7.3	0.2286	55.5	0.0111706	135.924	271.848
500	7.3	0.2286	55.5	0.0111706	133.174	266.348
630	7.3	0.2286	55.5	0.0111706	130.934	261.868
800	7.3	0.2286	55.5	0.0111706	128.444	256.888
1000	7.3	0.2286	55.5	0.0111706	125.194	250.388
1250	7.3	0.2286	55.5	0.0111706	125.724	251.448
1600	7.3	0.2286	55.5	0.0111706	123.354	246.708
2000	7.3	0.2286	55.5	0.0111706	120.354	240.708
2500	7.3	0.2286	55.5	0.0111706	118.994	237.988
3150	7.3	0.2286	55.5	0.0111706	117.134	234.268
4000	7.3	0.2286	55.5	0.0111706	117.284	234.568
5000	7.3	0.2286	55.5	0.0111706	113.144	226.288
6300	7.3	0.2286	55.5	0.0111706	111.534	223.068
200	7.3	0.2286	39.6	0.0123481	130.989	261.978
250	7.3	0.2286	39.6	0.0123481	131.889	263.778
315	7.3	0.2286	39.6	0.0123481	132.149	264.298
400	7.3	0.2286	39.6	0.0123481	132.039	264.078
500	7.3	0.2286	39.6	0.0123481	130.299	260.598
630	7.3	0.2286	39.6	0.0123481	128.929	257.858
800	7.3	0.2286	39.6	0.0123481	126.299	252.598
1000	7.3	0.2286	39.6	0.0123481	122.539	245.078
1250	7.3	0.2286	39.6	0.0123481	123.189	246.378
1600	7.3	0.2286	39.6	0.0123481	121.059	242.118
2000	7.3	0.2286	39.6	0.0123481	117.809	235.618
2500	7.3	0.2286	39.6	0.0123481	116.559	233.118
3150	7.3	0.2286	39.6	0.0123481	114.309	228.618
4000	7.3	0.2286	39.6	0.0123481	114.079	228.158
5000	7.3	0.2286	39.6	0.0123481	111.959	223.918
6300	7.3	0.2286	39.6	0.0123481	110.839	221.678
200	7.3	0.2286	31.7	0.0132672	128.679	257.358
250	7.3	0.2286	31.7	0.0132672	130.089	260.178
315	7.3	0.2286	31.7	0.0132672	130.239	260.478
400	7.3	0.2286	31.7	0.0132672	130.269	260.538
500	7.3	0.2286	31.7	0.0132672	128.169	256.338
630	7.3	0.2286	31.7	0.0132672	126.189	252.378
800	7.3	0.2286	31.7	0.0132672	123.209	246.418
1000	7.3	0.2286	31.7	0.0132672	119.099	238.198
1250	7.3	0.2286	31.7	0.0132672	120.509	241.018
1600	7.3	0.2286	31.7	0.0132672	119.039	238.078
2000	7.3	0.2286	31.7	0.0132672	115.309	230.618
2500	7.3	0.2286	31.7	0.0132672	114.709	229.418
3150	7.3	0.2286	31.7	0.0132672	113.229	226.458
4000	7.3	0.2286	31.7	0.0132672	112.639	225.278
5000	7.3	0.2286	31.7	0.0132672	111.029	222.058
6300	7.3	0.2286	31.7	0.0132672	110.689	221.378
800	0	0.1524	71.3	0.0015988	125.817	251.634
1000	0	0.1524	71.3	0.0015988	127.307	254.614
1250	0	0.1524	71.3	0.0015988	128.927	257.854
1600	0	0.1524	71.3	0.0015988	129.667	259.334
2000	0	0.1524	71.3	0.0015988	128.647	257.294
2500	0	0.1524	71.3	0.0015988	128.127	256.254
3150	0	0.1524	71.3	0.0015988	129.377	258.754
4000	0	0.1524	71.3	0.0015988	128.857	257.714
5000	0	0.1524	71.3	0.0015988	126.457	252.914
6300	0	0.1524	71.3	0.0015988	125.427	250.854
8000	0	0.1524	71.3	0.0015988	122.527	245.054
10000	0	0.1524	71.3	0.0015988	120.247	240.494
12500	0	0.1524	71.3	0.0015988	117.087	234.174
16000	0	0.1524	71.3	0.0015988	113.297	226.594
500	0	0.1524	55.5	0.00172668	120.573	241.146
630	0	0.1524	55.5	0.00172668	123.583	247.166
800	0	0.1524	55.5	0.00172668	126.713	253.426
1000	0	0.1524	55.5	0.00172668	128.583	257.166
1250	0	0.1524	55.5	0.00172668	129.953	259.906
1600	0	0.1524	55.5	0.00172668	130.183	260.366
2000	0	0.1524	55.5	0.00172668	129.673	259.346
2500	0	0.1524	55.5	0.00172668	127.763	255.526
3150	0	0.1524	55.5	0.00172668	127.753	255.506
4000	0	0.1524	55.5	0.00172668	127.233	254.466
5000	0	0.1524	55.5	0.00172668	125.203	250.406
6300	0	0.1524	55.5	0.00172668	123.303	246.606
8000	0	0.1524	55.5	0.00172668	121.903	243.806
10000	0	0.1524	55.5	0.00172668	119.253	238.506
12500	0	0.1524	55.5	0.00172668	117.093	234.186
16000	0	0.1524	55.5	0.00172668	112.803	225.606
500	0	0.1524	39.6	0.00193287	119.513	239.026
630	0	0.1524	39.6	0.00193287	124.403	248.806
800	0	0.1524	39.6	0.00193287	127.903	255.806
1000	0	0.1524	39.6	0.00193287	130.033	260.066
1250	0	0.1524	39.6	0.00193287	131.023	262.046
1600	0	0.1524	39.6	0.00193287	131.013	262.026
2000	0	0.1524	39.6	0.00193287	129.633	259.266
2500	0	0.1524	39.6	0.00193287	126.863	253.726
3150	0	0.1524	39.6	0.00193287	125.603	251.206
4000	0	0.1524	39.6	0.00193287	125.343	250.686
5000	0	0.1524	39.6	0.00193287	123.453	246.906
6300	0	0.1524	39.6	0.00193287	121.313	242.626
8000	0	0.1524	39.6	0.00193287	120.553	241.106
10000	0	0.1524	39.6	0.00193287	115.413	230.826
500	0	0.1524	31.7	0.00209405	121.617	243.234
630	0	0.1524	31.7	0.00209405	125.997	251.994
800	0	0.1524	31.7	0.00209405	129.117	258.234
1000	0	0.1524	31.7	0.00209405	130.987	261.974
1250	0	0.1524	31.7	0.00209405	131.467	262.934
1600	0	0.1524	31.7	0.00209405	130.817	261.634
2000	0	0.1524	31.7	0.00209405	128.907	257.814
2500	0	0.1524	31.7	0.00209405	125.867	251.734
3150	0	0.1524	31.7	0.00209405	124.207	248.414
4000	0	0.1524	31.7	0.00209405	123.807	247.614
5000	0	0.1524	31.7	0.00209405	122.397	244.794
6300	0	0.1524	31.7	0.00209405	119.737	239.474
8000	0	0.1524	31.7	0.00209405	117.957	235.914
630	2.7	0.1524	71.3	0.00243851	127.404	254.808
800	2.7	0.1524	71.3	0.00243851	127.394	254.788
1000	2.7	0.1524	71.3	0.00243851	128.774	257.548
1250	2.7	0.1524	71.3	0.00243851	130.144	260.288
1600	2.7	0.1524	71.3	0.00243851	130.644	261.288
2000	2.7	0.1524	71.3	0.00243851	130.114	260.228
2500	2.7	0.1524	71.3	0.00243851	128.334	256.668
3150	2.7	0.1524	71.3	0.00243851	127.054	254.108
4000	2.7	0.1524	71.3	0.00243851	126.534	253.068
5000	2.7	0.1524	71.3	0.00243851	124.364	248.728
6300	2.7	0.1524	71.3	0.00243851	121.944	243.888
8000	2.7	0.1524	71.3	0.00243851	120.534	241.068
10000	2.7	0.1524	71.3	0.00243851	116.724	233.448
12500	2.7	0.1524	71.3	0.00243851	113.034	226.068
16000	2.7	0.1524	71.3	0.00243851	110.364	220.728
500	2.7	0.1524	39.6	0.00294804	121.009	242.018
630	2.7	0.1524	39.6	0.00294804	125.809	251.618
800	2.7	0.1524	39.6	0.00294804	128.829	257.658
1000	2.7	0.1524	39.6	0.00294804	130.589	261.178
1250	2.7	0.1524	39.6	0.00294804	130.829	261.658
1600	2.7	0.1524	39.6	0.00294804	130.049	260.098
2000	2.7	0.1524	39.6	0.00294804	128.139	256.278
2500	2.7	0.1524	39.6	0.00294804	125.589	251.178
3150	2.7	0.1524	39.6	0.00294804	122.919	245.838
4000	2.7	0.1524	39.6	0.00294804	121.889	243.778
5000	2.7	0.1524	39.6	0.00294804	121.499	242.998
6300	2.7	0.1524	39.6	0.00294804	119.209	238.418
8000	2.7	0.1524	39.6	0.00294804	116.659	233.318
10000	2.7	0.1524	39.6	0.00294804	112.589	225.178
12500	2.7	0.1524	39.6	0.00294804	108.649	217.298
400	5.4	0.1524	71.3	0.00401199	124.121	248.242
500	5.4	0.1524	71.3	0.00401199	126.291	252.582
630	5.4	0.1524	71.3	0.00401199	128.971	257.942
800	5.4	0.1524	71.3	0.00401199	131.281	262.562
1000	5.4	0.1524	71.3	0.00401199	133.201	266.402
1250	5.4	0.1524	71.3	0.00401199	134.111	268.222
1600	5.4	0.1524	71.3	0.00401199	133.241	266.482
2000	5.4	0.1524	71.3	0.00401199	131.111	262.222
2500	5.4	0.1524	71.3	0.00401199	127.591	255.182
3150	5.4	0.1524	71.3	0.00401199	123.311	246.622
4000	5.4	0.1524	71.3	0.00401199	121.431	242.862
5000	5.4	0.1524	71.3	0.00401199	120.061	240.122
6300	5.4	0.1524	71.3	0.00401199	116.411	232.822
400	5.4	0.1524	55.5	0.00433288	126.807	253.614
500	5.4	0.1524	55.5	0.00433288	129.367	258.734
630	5.4	0.1524	55.5	0.00433288	131.807	263.614
800	5.4	0.1524	55.5	0.00433288	133.097	266.194
1000	5.4	0.1524	55.5	0.00433288	132.127	264.254
1250	5.4	0.1524	55.5	0.00433288	130.777	261.554
1600	5.4	0.1524	55.5	0.00433288	130.567	261.134
2000	5.4	0.1524	55.5	0.00433288	128.707	257.414
2500	5.4	0.1524	55.5	0.00433288	124.077	248.154
3150	5.4	0.1524	55.5	0.00433288	121.587	243.174
4000	5.4	0.1524	55.5	0.00433288	119.737	239.474
5000	5.4	0.1524	55.5	0.00433288	118.757	237.514
6300	5.4	0.1524	55.5	0.00433288	117.287	234.574
8000	5.4	0.1524	55.5	0.00433288	114.927	229.854
315	5.4	0.1524	39.6	0.00485029	125.347	250.694
400	5.4	0.1524	39.6	0.00485029	127.637	255.274
500	5.4	0.1524	39.6	0.00485029	129.937	259.874
630	5.4	0.1524	39.6	0.00485029	132.357	264.714
800	5.4	0.1524	39.6	0.00485029	132.757	265.514
1000	5.4	0.1524	39.6	0.00485029	130.507	261.014
1250	5.4	0.1524	39.6	0.00485029	127.117	254.234
1600	5.4	0.1524	39.6	0.00485029	126.267	252.534
2000	5.4	0.1524	39.6	0.00485029	124.647	249.294
2500	5.4	0.1524	39.6	0.00485029	120.497	240.994
3150	5.4	0.1524	39.6	0.00485029	119.137	238.274
4000	5.4	0.1524	39.6	0.00485029	117.137	234.274
5000	5.4	0.1524	39.6	0.00485029	117.037	234.074
6300	5.4	0.1524	39.6	0.00485029	116.677	233.354
315	5.4	0.1524	31.7	0.00525474	125.741	251.482
400	5.4	0.1524	31.7	0.00525474	127.781	255.562
500	5.4	0.1524	31.7	0.00525474	129.681	259.362
630	5.4	0.1524	31.7	0.00525474	131.471	262.942
800	5.4	0.1524	31.7	0.00525474	131.491	262.982
1000	5.4	0.1524	31.7	0.00525474	128.241	256.482
1250	5.4	0.1524	31.7	0.00525474	123.991	247.982
1600	5.4	0.1524	31.7	0.00525474	123.761	247.522
2000	5.4	0.1524	31.7	0.00525474	122.771	245.542
2500	5.4	0.1524	31.7	0.00525474	119.151	238.302
3150	5.4	0.1524	31.7	0.00525474	118.291	236.582
4000	5.4	0.1524	31.7	0.00525474	116.181	232.362
5000	5.4	0.1524	31.7	0.00525474	115.691	231.382
6300	5.4	0.1524	31.7	0.00525474	115.591	231.182
315	7.2	0.1524	71.3	0.00752039	128.713	257.426
400	7.2	0.1524	71.3	0.00752039	130.123	260.246
500	7.2	0.1524	71.3	0.00752039	132.043	264.086
630	7.2	0.1524	71.3	0.00752039	134.853	269.706
800	7.2	0.1524	71.3	0.00752039	136.023	272.046
1000	7.2	0.1524	71.3	0.00752039	134.273	268.546
1250	7.2	0.1524	71.3	0.00752039	132.513	265.026
1600	7.2	0.1524	71.3	0.00752039	130.893	261.786
2000	7.2	0.1524	71.3	0.00752039	128.643	257.286
2500	7.2	0.1524	71.3	0.00752039	124.353	248.706
3150	7.2	0.1524	71.3	0.00752039	116.783	233.566
4000	7.2	0.1524	71.3	0.00752039	119.343	238.686
5000	7.2	0.1524	71.3	0.00752039	118.343	236.686
6300	7.2	0.1524	71.3	0.00752039	116.603	233.206
8000	7.2	0.1524	71.3	0.00752039	113.333	226.666
10000	7.2	0.1524	71.3	0.00752039	110.313	220.626
250	7.2	0.1524	39.6	0.00909175	127.488	254.976
315	7.2	0.1524	39.6	0.00909175	130.558	261.116
400	7.2	0.1524	39.6	0.00909175	132.118	264.236
500	7.2	0.1524	39.6	0.00909175	132.658	265.316
630	7.2	0.1524	39.6	0.00909175	133.198	266.396
800	7.2	0.1524	39.6	0.00909175	132.358	264.716
1000	7.2	0.1524	39.6	0.00909175	128.338	256.676
1250	7.2	0.1524	39.6	0.00909175	122.428	244.856
1600	7.2	0.1524	39.6	0.00909175	120.058	240.116
2000	7.2	0.1524	39.6	0.00909175	120.228	240.456
2500	7.2	0.1524	39.6	0.00909175	117.478	234.956
3150	7.2	0.1524	39.6	0.00909175	111.818	223.636
4000	7.2	0.1524	39.6	0.00909175	114.258	228.516
5000	7.2	0.1524	39.6	0.00909175	113.288	226.576
6300	7.2	0.1524	39.6	0.00909175	112.688	225.376
8000	7.2	0.1524	39.6	0.00909175	111.588	223.176
10000	7.2	0.1524	39.6	0.00909175	110.868	221.736
200	9.9	0.1524	71.3	0.0193001	134.319	268.638
250	9.9	0.1524	71.3	0.0193001	135.329	270.658
315	9.9	0.1524	71.3	0.0193001	135.459	270.918
400	9.9	0.1524	71.3	0.0193001	135.079	270.158
500	9.9	0.1524	71.3	0.0193001	131.279	262.558
630	9.9	0.1524	71.3	0.0193001	129.889	259.778
800	9.9	0.1524	71.3	0.0193001	128.879	257.758
1000	9.9	0.1524	71.3	0.0193001	126.349	252.698
1250	9.9	0.1524	71.3	0.0193001	122.679	245.358
1600	9.9	0.1524	71.3	0.0193001	121.789	243.578
2000	9.9	0.1524	71.3	0.0193001	120.779	241.558
2500	9.9	0.1524	71.3	0.0193001	119.639	239.278
3150	9.9	0.1524	71.3	0.0193001	116.849	233.698
4000	9.9	0.1524	71.3	0.0193001	115.079	230.158
5000	9.9	0.1524	71.3	0.0193001	114.569	229.138
6300	9.9	0.1524	71.3	0.0193001	112.039	224.078
200	9.9	0.1524	55.5	0.0208438	131.955	263.910
250	9.9	0.1524	55.5	0.0208438	133.235	266.470
315	9.9	0.1524	55.5	0.0208438	132.355	264.710
400	9.9	0.1524	55.5	0.0208438	131.605	263.210
500	9.9	0.1524	55.5	0.0208438	127.815	255.630
630	9.9	0.1524	55.5	0.0208438	127.315	254.630
800	9.9	0.1524	55.5	0.0208438	126.565	253.130
1000	9.9	0.1524	55.5	0.0208438	124.665	249.330
1250	9.9	0.1524	55.5	0.0208438	121.635	243.270
1600	9.9	0.1524	55.5	0.0208438	119.875	239.750
2000	9.9	0.1524	55.5	0.0208438	119.505	239.010
2500	9.9	0.1524	55.5	0.0208438	118.365	236.730
3150	9.9	0.1524	55.5	0.0208438	115.085	230.170
4000	9.9	0.1524	55.5	0.0208438	112.945	225.890
5000	9.9	0.1524	55.5	0.0208438	112.065	224.130
6300	9.9	0.1524	55.5	0.0208438	110.555	221.110
200	9.9	0.1524	39.6	0.0233328	127.315	254.630
250	9.9	0.1524	39.6	0.0233328	128.335	256.670
315	9.9	0.1524	39.6	0.0233328	128.595	257.190
400	9.9	0.1524	39.6	0.0233328	128.345	256.690
500	9.9	0.1524	39.6	0.0233328	126.835	253.670
630	9.9	0.1524	39.6	0.0233328	126.465	252.930
800	9.9	0.1524	39.6	0.0233328	126.345	252.690
1000	9.9	0.1524	39.6	0.0233328	123.835	247.670
1250	9.9	0.1524	39.6	0.0233328	120.555	241.110
1600	9.9	0.1524	39.6	0.0233328	118.545	237.090
2000	9.9	0.1524	39.6	0.0233328	117.925	235.850
2500	9.9	0.1524	39.6	0.0233328	116.295	232.590
3150	9.9	0.1524	39.6	0.0233328	113.525	227.050
4000	9.9	0.1524	39.6	0.0233328	112.265	224.530
5000	9.9	0.1524	39.6	0.0233328	111.135	222.270
6300	9.9	0.1524	39.6	0.0233328	109.885	219.770
200	9.9	0.1524	31.7	0.0252785	127.299	254.598
250	9.9	0.1524	31.7	0.0252785	128.559	257.118
315	9.9	0.1524	31.7	0.0252785	128.809	257.618
400	9.9	0.1524	31.7	0.0252785	128.939	257.878
500	9.9	0.1524	31.7	0.0252785	127.179	254.358
630	9.9	0.1524	31.7	0.0252785	126.049	252.098
800	9.9	0.1524	31.7	0.0252785	125.539	251.078
1000	9.9	0.1524	31.7	0.0252785	122.149	244.298
1250	9.9	0.1524	31.7	0.0252785	118.619	237.238
1600	9.9	0.1524	31.7	0.0252785	117.119	234.238
2000	9.9	0.1524	31.7	0.0252785	116.859	233.718
2500	9.9	0.1524	31.7	0.0252785	114.729	229.458
3150	9.9	0.1524	31.7	0.0252785	112.209	224.418
4000	9.9	0.1524	31.7	0.0252785	111.459	222.918
5000	9.9	0.1524	31.7	0.0252785	109.949	219.898
6300	9.9	0.1524	31.7	0.0252785	108.689	217.378
200	12.6	0.1524	71.3	0.0483159	128.354	256.708
250	12.6	0.1524	71.3	0.0483159	129.744	259.488
315	12.6	0.1524	71.3	0.0483159	128.484	256.968
400	12.6	0.1524	71.3	0.0483159	127.094	254.188
500	12.6	0.1524	71.3	0.0483159	121.664	243.328
630	12.6	0.1524	71.3	0.0483159	123.304	246.608
800	12.6	0.1524	71.3	0.0483159	123.054	246.108
1000	12.6	0.1524	71.3	0.0483159	122.044	244.088
1250	12.6	0.1524	71.3	0.0483159	120.154	240.308
1600	12.6	0.1524	71.3	0.0483159	120.534	241.068
2000	12.6	0.1524	71.3	0.0483159	117.504	235.008
2500	12.6	0.1524	71.3	0.0483159	115.234	230.468
3150	12.6	0.1524	71.3	0.0483159	113.334	226.668
4000	12.6	0.1524	71.3	0.0483159	108.034	216.068
5000	12.6	0.1524	71.3	0.0483159	108.034	216.068
6300	12.6	0.1524	71.3	0.0483159	107.284	214.568
200	12.6	0.1524	39.6	0.0584113	114.750	229.500
250	12.6	0.1524	39.6	0.0584113	115.890	231.780
315	12.6	0.1524	39.6	0.0584113	116.020	232.040
400	12.6	0.1524	39.6	0.0584113	115.910	231.820
500	12.6	0.1524	39.6	0.0584113	114.900	229.800
630	12.6	0.1524	39.6	0.0584113	116.550	233.100
800	12.6	0.1524	39.6	0.0584113	116.560	233.120
1000	12.6	0.1524	39.6	0.0584113	114.670	229.340
1250	12.6	0.1524	39.6	0.0584113	112.160	224.320
1600	12.6	0.1524	39.6	0.0584113	110.780	221.560
2000	12.6	0.1524	39.6	0.0584113	109.520	219.040
2500	12.6	0.1524	39.6	0.0584113	106.880	213.760
3150	12.6	0.1524	39.6	0.0584113	106.260	212.520
4000	12.6	0.1524	39.6	0.0584113	104.500	209.000
5000	12.6	0.1524	39.6	0.0584113	104.130	208.260
6300	12.6	0.1524	39.6	0.0584113	103.380	206.760
800	0	0.0508	71.3	0.000740478	130.960	261.920
1000	0	0.0508	71.3	0.000740478	129.450	258.900
1250	0	0.0508	71.3	0.000740478	128.560	257.120
1600	0	0.0508	71.3	0.000740478	129.680	259.360
2000	0	0.0508	71.3	0.000740478	131.060	262.120
2500	0	0.0508	71.3	0.000740478	131.310	262.620
3150	0	0.0508	71.3	0.000740478	135.070	270.140
4000	0	0.0508	71.3	0.000740478	134.430	268.860
5000	0	0.0508	71.3	0.000740478	134.430	268.860
6300	0	0.0508	71.3	0.000740478	133.040	266.080
8000	0	0.0508	71.3	0.000740478	130.890	261.780
10000	0	0.0508	71.3	0.000740478	128.740	257.480
12500	0	0.0508	71.3	0.000740478	125.220	250.440
800	0	0.0508	55.5	0.00076193	124.336	248.672
1000	0	0.0508	55.5	0.00076193	125.586	251.172
1250	0	0.0508	55.5	0.00076193	127.076	254.152
1600	0	0.0508	55.5	0.00076193	128.576	257.152
2000	0	0.0508	55.5	0.00076193	131.456	262.912
2500	0	0.0508	55.5	0.00076193	133.956	267.912
3150	0	0.0508	55.5	0.00076193	134.826	269.652
4000	0	0.0508	55.5	0.00076193	134.946	269.892
5000	0	0.0508	55.5	0.00076193	134.556	269.112
6300	0	0.0508	55.5	0.00076193	132.796	265.592
8000	0	0.0508	55.5	0.00076193	130.156	260.312
10000	0	0.0508	55.5	0.00076193	127.636	255.272
12500	0	0.0508	55.5	0.00076193	125.376	250.752
800	0	0.0508	39.6	0.000791822	126.508	253.016
1000	0	0.0508	39.6	0.000791822	127.638	255.276
1250	0	0.0508	39.6	0.000791822	129.148	258.296
1600	0	0.0508	39.6	0.000791822	130.908	261.816
2000	0	0.0508	39.6	0.000791822	132.918	265.836
2500	0	0.0508	39.6	0.000791822	134.938	269.876
3150	0	0.0508	39.6	0.000791822	135.938	271.876
4000	0	0.0508	39.6	0.000791822	135.308	270.616
5000	0	0.0508	39.6	0.000791822	134.308	268.616
6300	0	0.0508	39.6	0.000791822	131.918	263.836
8000	0	0.0508	39.6	0.000791822	128.518	257.036
10000	0	0.0508	39.6	0.000791822	125.998	251.996
12500	0	0.0508	39.6	0.000791822	123.988	247.976
800	0	0.0508	31.7	0.000812164	122.790	245.580
1000	0	0.0508	31.7	0.000812164	126.780	253.560
1250	0	0.0508	31.7	0.000812164	129.270	258.540
1600	0	0.0508	31.7	0.000812164	131.010	262.020
2000	0	0.0508	31.7	0.000812164	133.010	266.020
2500	0	0.0508	31.7	0.000812164	134.870	269.740
3150	0	0.0508	31.7	0.000812164	135.490	270.980
4000	0	0.0508	31.7	0.000812164	134.110	268.220
5000	0	0.0508	31.7	0.000812164	133.230	266.460
6300	0	0.0508	31.7	0.000812164	130.340	260.680
8000	0	0.0508	31.7	0.000812164	126.590	253.180
10000	0	0.0508	31.7	0.000812164	122.450	244.900
12500	0	0.0508	31.7	0.000812164	119.070	238.140
1600	4.2	0.0508	71.3	0.00142788	124.318	248.636
2000	4.2	0.0508	71.3	0.00142788	129.848	259.696
2500	4.2	0.0508	71.3	0.00142788	131.978	263.956
3150	4.2	0.0508	71.3	0.00142788	133.728	267.456
4000	4.2	0.0508	71.3	0.00142788	133.598	267.196
5000	4.2	0.0508	71.3	0.00142788	132.828	265.656
6300	4.2	0.0508	71.3	0.00142788	129.308	258.616
8000	4.2	0.0508	71.3	0.00142788	125.268	250.536
10000	4.2	0.0508	71.3	0.00142788	121.238	242.476
12500	4.2	0.0508	71.3	0.00142788	117.328	234.656
1000	4.2	0.0508	39.6	0.00152689	125.647	251.294
1250	4.2	0.0508	39.6	0.00152689	128.427	256.854
1600	4.2	0.0508	39.6	0.00152689	130.197	260.394
2000	4.2	0.0508	39.6	0.00152689	132.587	265.174
2500	4.2	0.0508	39.6	0.00152689	133.847	267.694
3150	4.2	0.0508	39.6	0.00152689	133.587	267.174
4000	4.2	0.0508	39.6	0.00152689	131.807	263.614
5000	4.2	0.0508	39.6	0.00152689	129.777	259.554
6300	4.2	0.0508	39.6	0.00152689	125.717	251.434
8000	4.2	0.0508	39.6	0.00152689	120.397	240.794
10000	4.2	0.0508	39.6	0.00152689	116.967	233.934
800	8.4	0.0508	71.3	0.00529514	127.556	255.112
1000	8.4	0.0508	71.3	0.00529514	129.946	259.892
1250	8.4	0.0508	71.3	0.00529514	132.086	264.172
1600	8.4	0.0508	71.3	0.00529514	133.846	267.692
2000	8.4	0.0508	71.3	0.00529514	134.476	268.952
2500	8.4	0.0508	71.3	0.00529514	134.226	268.452
3150	8.4	0.0508	71.3	0.00529514	131.966	263.932
4000	8.4	0.0508	71.3	0.00529514	126.926	253.852
5000	8.4	0.0508	71.3	0.00529514	121.146	242.292
400	8.4	0.0508	55.5	0.00544854	121.582	243.164
500	8.4	0.0508	55.5	0.00544854	123.742	247.484
630	8.4	0.0508	55.5	0.00544854	126.152	252.304
800	8.4	0.0508	55.5	0.00544854	128.562	257.124
1000	8.4	0.0508	55.5	0.00544854	130.722	261.444
1250	8.4	0.0508	55.5	0.00544854	132.252	264.504
1600	8.4	0.0508	55.5	0.00544854	133.032	266.064
2000	8.4	0.0508	55.5	0.00544854	133.042	266.084
2500	8.4	0.0508	55.5	0.00544854	131.542	263.084
3150	8.4	0.0508	55.5	0.00544854	128.402	256.804
4000	8.4	0.0508	55.5	0.00544854	122.612	245.224
5000	8.4	0.0508	55.5	0.00544854	115.812	231.624
400	8.4	0.0508	39.6	0.00566229	120.015	240.030
500	8.4	0.0508	39.6	0.00566229	122.905	245.810
630	8.4	0.0508	39.6	0.00566229	126.045	252.090
800	8.4	0.0508	39.6	0.00566229	128.435	256.870
1000	8.4	0.0508	39.6	0.00566229	130.195	260.390
1250	8.4	0.0508	39.6	0.00566229	131.205	262.410
1600	8.4	0.0508	39.6	0.00566229	130.965	261.930
2000	8.4	0.0508	39.6	0.00566229	129.965	259.930
2500	8.4	0.0508	39.6	0.00566229	127.465	254.930
3150	8.4	0.0508	39.6	0.00566229	123.965	247.930
4000	8.4	0.0508	39.6	0.00566229	118.955	237.910
400	8.4	0.0508	31.7	0.00580776	120.076	240.152
500	8.4	0.0508	31.7	0.00580776	122.966	245.932
630	8.4	0.0508	31.7	0.00580776	125.856	251.712
800	8.4	0.0508	31.7	0.00580776	128.246	256.492
1000	8.4	0.0508	31.7	0.00580776	129.516	259.032
1250	8.4	0.0508	31.7	0.00580776	130.156	260.312
1600	8.4	0.0508	31.7	0.00580776	129.296	258.592
2000	8.4	0.0508	31.7	0.00580776	127.686	255.372
2500	8.4	0.0508	31.7	0.00580776	125.576	251.152
3150	8.4	0.0508	31.7	0.00580776	122.086	244.172
4000	8.4	0.0508	31.7	0.00580776	118.106	236.212
200	11.2	0.0508	71.3	0.014072	125.941	251.882
250	11.2	0.0508	71.3	0.014072	127.101	254.202
315	11.2	0.0508	71.3	0.014072	128.381	256.762
400	11.2	0.0508	71.3	0.014072	129.281	258.562
500	11.2	0.0508	71.3	0.014072	130.311	260.622
630	11.2	0.0508	71.3	0.014072	133.611	267.222
800	11.2	0.0508	71.3	0.014072	136.031	272.062
1000	11.2	0.0508	71.3	0.014072	136.941	273.882
1250	11.2	0.0508	71.3	0.014072	136.191	272.382
1600	11.2	0.0508	71.3	0.014072	135.191	270.382
2000	11.2	0.0508	71.3	0.014072	133.311	266.622
2500	11.2	0.0508	71.3	0.014072	130.541	261.082
3150	11.2	0.0508	71.3	0.014072	127.141	254.282
4000	11.2	0.0508	71.3	0.014072	122.471	244.942
200	11.2	0.0508	39.6	0.0150478	125.010	250.020
250	11.2	0.0508	39.6	0.0150478	126.430	252.860
315	11.2	0.0508	39.6	0.0150478	128.990	257.980
400	11.2	0.0508	39.6	0.0150478	130.670	261.340
500	11.2	0.0508	39.6	0.0150478	131.960	263.920
630	11.2	0.0508	39.6	0.0150478	133.130	266.260
800	11.2	0.0508	39.6	0.0150478	133.790	267.580
1000	11.2	0.0508	39.6	0.0150478	132.430	264.860
1250	11.2	0.0508	39.6	0.0150478	130.050	260.100
1600	11.2	0.0508	39.6	0.0150478	126.540	253.080
2000	11.2	0.0508	39.6	0.0150478	124.420	248.840
2500	11.2	0.0508	39.6	0.0150478	122.170	244.340
3150	11.2	0.0508	39.6	0.0150478	119.670	239.340
4000	11.2	0.0508	39.6	0.0150478	115.520	231.040
200	15.4	0.0508	71.3	0.0264269	123.595	247.190
250	15.4	0.0508	71.3	0.0264269	124.835	249.670
315	15.4	0.0508	71.3	0.0264269	126.195	252.390
400	15.4	0.0508	71.3	0.0264269	126.805	253.610
500	15.4	0.0508	71.3	0.0264269	127.285	254.570
630	15.4	0.0508	71.3	0.0264269	129.645	259.290
800	15.4	0.0508	71.3	0.0264269	131.515	263.030
1000	15.4	0.0508	71.3	0.0264269	131.865	263.730
1250	15.4	0.0508	71.3	0.0264269	130.845	261.690
1600	15.4	0.0508	71.3	0.0264269	130.065	260.130
2000	15.4	0.0508	71.3	0.0264269	129.285	258.570
2500	15.4	0.0508	71.3	0.0264269	127.625	255.250
3150	15.4	0.0508	71.3	0.0264269	125.715	251.430
4000	15.4	0.0508	71.3	0.0264269	122.675	245.350
5000	15.4	0.0508	71.3	0.0264269	119.135	238.270
6300	15.4	0.0508	71.3	0.0264269	115.215	230.430
8000	15.4	0.0508	71.3	0.0264269	112.675	225.350
200	15.4	0.0508	55.5	0.0271925	122.940	245.880
250	15.4	0.0508	55.5	0.0271925	124.170	248.340
315	15.4	0.0508	55.5	0.0271925	125.390	250.780
400	15.4	0.0508	55.5	0.0271925	126.500	253.000
500	15.4	0.0508	55.5	0.0271925	127.220	254.440
630	15.4	0.0508	55.5	0.0271925	129.330	258.660
800	15.4	0.0508	55.5	0.0271925	130.430	260.860
1000	15.4	0.0508	55.5	0.0271925	130.400	260.800
1250	15.4	0.0508	55.5	0.0271925	130.000	260.000
1600	15.4	0.0508	55.5	0.0271925	128.200	256.400
2000	15.4	0.0508	55.5	0.0271925	127.040	254.080
2500	15.4	0.0508	55.5	0.0271925	125.630	251.260
3150	15.4	0.0508	55.5	0.0271925	123.460	246.920
4000	15.4	0.0508	55.5	0.0271925	120.920	241.840
5000	15.4	0.0508	55.5	0.0271925	117.110	234.220
6300	15.4	0.0508	55.5	0.0271925	112.930	225.860
200	15.4	0.0508	39.6	0.0282593	121.783	243.566
250	15.4	0.0508	39.6	0.0282593	122.893	245.786
315	15.4	0.0508	39.6	0.0282593	124.493	248.986
400	15.4	0.0508	39.6	0.0282593	125.353	250.706
500	15.4	0.0508	39.6	0.0282593	125.963	251.926
630	15.4	0.0508	39.6	0.0282593	127.443	254.886
800	15.4	0.0508	39.6	0.0282593	128.423	256.846
1000	15.4	0.0508	39.6	0.0282593	127.893	255.786
1250	15.4	0.0508	39.6	0.0282593	126.743	253.486
1600	15.4	0.0508	39.6	0.0282593	124.843	249.686
2000	15.4	0.0508	39.6	0.0282593	123.443	246.886
2500	15.4	0.0508	39.6	0.0282593	122.413	244.826
3150	15.4	0.0508	39.6	0.0282593	120.513	241.026
4000	15.4	0.0508	39.6	0.0282593	118.113	236.226
5000	15.4	0.0508	39.6	0.0282593	114.453	228.906
6300	15.4	0.0508	39.6	0.0282593	109.663	219.326
200	15.4	0.0508	31.7	0.0289853	119.975	239.950
250	15.4	0.0508	31.7	0.0289853	121.225	242.450
315	15.4	0.0508	31.7	0.0289853	122.845	245.690
400	15.4	0.0508	31.7	0.0289853	123.705	247.410
500	15.4	0.0508	31.7	0.0289853	123.695	247.390
630	15.4	0.0508	31.7	0.0289853	124.685	249.370
800	15.4	0.0508	31.7	0.0289853	125.555	251.110
1000	15.4	0.0508	31.7	0.0289853	124.525	249.050
1250	15.4	0.0508	31.7	0.0289853	123.255	246.510
1600	15.4	0.0508	31.7	0.0289853	121.485	242.970
2000	15.4	0.0508	31.7	0.0289853	120.835	241.670
2500	15.4	0.0508	31.7	0.0289853	119.945	239.890
3150	15.4	0.0508	31.7	0.0289853	118.045	236.090
4000	15.4	0.0508	31.7	0.0289853	115.635	231.270
5000	15.4	0.0508	31.7	0.0289853	112.355	224.710
6300	15.4	0.0508	31.7	0.0289853	108.185	216.370
200	19.7	0.0508	71.3	0.0341183	118.005	236.010
250	19.7	0.0508	71.3	0.0341183	119.115	238.230
315	19.7	0.0508	71.3	0.0341183	121.235	242.470
400	19.7	0.0508	71.3	0.0341183	123.865	247.730
500	19.7	0.0508	71.3	0.0341183	126.995	253.990
630	19.7	0.0508	71.3	0.0341183	128.365	256.730
800	19.7	0.0508	71.3	0.0341183	124.555	249.110
1000	19.7	0.0508	71.3	0.0341183	121.885	243.770
1250	19.7	0.0508	71.3	0.0341183	121.485	242.970
1600	19.7	0.0508	71.3	0.0341183	120.575	241.150
2000	19.7	0.0508	71.3	0.0341183	120.055	240.110
2500	19.7	0.0508	71.3	0.0341183	118.385	236.770
3150	19.7	0.0508	71.3	0.0341183	116.225	232.450
4000	19.7	0.0508	71.3	0.0341183	113.045	226.090
200	19.7	0.0508	39.6	0.036484	125.974	251.948
250	19.7	0.0508	39.6	0.036484	127.224	254.448
315	19.7	0.0508	39.6	0.036484	129.864	259.728
400	19.7	0.0508	39.6	0.036484	130.614	261.228
500	19.7	0.0508	39.6	0.036484	128.444	256.888
630	19.7	0.0508	39.6	0.036484	120.324	240.648
800	19.7	0.0508	39.6	0.036484	119.174	238.348
1000	19.7	0.0508	39.6	0.036484	118.904	237.808
1250	19.7	0.0508	39.6	0.036484	118.634	237.268
1600	19.7	0.0508	39.6	0.036484	117.604	235.208
2000	19.7	0.0508	39.6	0.036484	117.724	235.448
2500	19.7	0.0508	39.6	0.036484	116.184	232.368
3150	19.7	0.0508	39.6	0.036484	113.004	226.008
4000	19.7	0.0508	39.6	0.036484	108.684	217.368
2500	0	0.0254	71.3	0.000400682	133.707	267.414
3150	0	0.0254	71.3	0.000400682	137.007	274.014
4000	0	0.0254	71.3	0.000400682	138.557	277.114
5000	0	0.0254	71.3	0.000400682	136.837	273.674
6300	0	0.0254	71.3	0.000400682	134.987	269.974
8000	0	0.0254	71.3	0.000400682	129.867	259.734
10000	0	0.0254	71.3	0.000400682	130.787	261.574
12500	0	0.0254	71.3	0.000400682	133.207	266.414
16000	0	0.0254	71.3	0.000400682	130.477	260.954
20000	0	0.0254	71.3	0.000400682	123.217	246.434
2000	0	0.0254	55.5	0.00041229	127.623	255.246
2500	0	0.0254	55.5	0.00041229	130.073	260.146
3150	0	0.0254	55.5	0.00041229	130.503	261.006
4000	0	0.0254	55.5	0.00041229	133.223	266.446
5000	0	0.0254	55.5	0.00041229	135.803	271.606
6300	0	0.0254	55.5	0.00041229	136.103	272.206
8000	0	0.0254	55.5	0.00041229	136.163	272.326
10000	0	0.0254	55.5	0.00041229	134.563	269.126
12500	0	0.0254	55.5	0.00041229	131.453	262.906
16000	0	0.0254	55.5	0.00041229	125.683	251.366
20000	0	0.0254	55.5	0.00041229	121.933	243.866
1600	0	0.0254	39.6	0.000428464	124.156	248.312
2000	0	0.0254	39.6	0.000428464	130.026	260.052
2500	0	0.0254	39.6	0.000428464	131.836	263.672
3150	0	0.0254	39.6	0.000428464	133.276	266.552
4000	0	0.0254	39.6	0.000428464	135.346	270.692
5000	0	0.0254	39.6	0.000428464	136.536	273.072
6300	0	0.0254	39.6	0.000428464	136.826	273.652
8000	0	0.0254	39.6	0.000428464	135.866	271.732
10000	0	0.0254	39.6	0.000428464	133.376	266.752
12500	0	0.0254	39.6	0.000428464	129.116	258.232
16000	0	0.0254	39.6	0.000428464	124.986	249.972
1000	0	0.0254	31.7	0.000439472	125.127	250.254
1250	0	0.0254	31.7	0.000439472	127.947	255.894
1600	0	0.0254	31.7	0.000439472	129.267	258.534
2000	0	0.0254	31.7	0.000439472	130.697	261.394
2500	0	0.0254	31.7	0.000439472	132.897	265.794
3150	0	0.0254	31.7	0.000439472	135.227	270.454
4000	0	0.0254	31.7	0.000439472	137.047	274.094
5000	0	0.0254	31.7	0.000439472	138.607	277.214
6300	0	0.0254	31.7	0.000439472	138.537	277.074
8000	0	0.0254	31.7	0.000439472	137.207	274.414
10000	0	0.0254	31.7	0.000439472	134.227	268.454
12500	0	0.0254	31.7	0.000439472	128.977	257.954
16000	0	0.0254	31.7	0.000439472	125.627	251.254
2000	4.8	0.0254	71.3	0.000848633	128.398	256.796
2500	4.8	0.0254	71.3	0.000848633	130.828	261.656
3150	4.8	0.0254	71.3	0.000848633	133.378	266.756
4000	4.8	0.0254	71.3	0.000848633	134.928	269.856
5000	4.8	0.0254	71.3	0.000848633	135.468	270.936
6300	4.8	0.0254	71.3	0.000848633	134.498	268.996
8000	4.8	0.0254	71.3	0.000848633	131.518	263.036
10000	4.8	0.0254	71.3	0.000848633	127.398	254.796
12500	4.8	0.0254	71.3	0.000848633	127.688	255.376
16000	4.8	0.0254	71.3	0.000848633	124.208	248.416
20000	4.8	0.0254	71.3	0.000848633	119.708	239.416
1600	4.8	0.0254	55.5	0.000873218	121.474	242.948
2000	4.8	0.0254	55.5	0.000873218	125.054	250.108
2500	4.8	0.0254	55.5	0.000873218	129.144	258.288
3150	4.8	0.0254	55.5	0.000873218	132.354	264.708
4000	4.8	0.0254	55.5	0.000873218	133.924	267.848
5000	4.8	0.0254	55.5	0.000873218	135.484	270.968
6300	4.8	0.0254	55.5	0.000873218	135.164	270.328
8000	4.8	0.0254	55.5	0.000873218	132.184	264.368
10000	4.8	0.0254	55.5	0.000873218	126.944	253.888
12500	4.8	0.0254	55.5	0.000873218	125.094	250.188
16000	4.8	0.0254	55.5	0.000873218	124.394	248.788
20000	4.8	0.0254	55.5	0.000873218	121.284	242.568
500	4.8	0.0254	39.6	0.000907475	116.366	232.732
630	4.8	0.0254	39.6	0.000907475	118.696	237.392
800	4.8	0.0254	39.6	0.000907475	120.766	241.532
1000	4.8	0.0254	39.6	0.000907475	122.956	245.912
1250	4.8	0.0254	39.6	0.000907475	125.026	250.052
1600	4.8	0.0254	39.6	0.000907475	125.966	251.932
2000	4.8	0.0254	39.6	0.000907475	128.916	257.832
2500	4.8	0.0254	39.6	0.000907475	131.236	262.472
3150	4.8	0.0254	39.6	0.000907475	133.436	266.872
4000	4.8	0.0254	39.6	0.000907475	134.996	269.992
5000	4.8	0.0254	39.6	0.000907475	135.426	270.852
6300	4.8	0.0254	39.6	0.000907475	134.336	268.672
8000	4.8	0.0254	39.6	0.000907475	131.346	262.692
10000	4.8	0.0254	39.6	0.000907475	126.066	252.132
500	4.8	0.0254	31.7	0.000930789	116.128	232.256
630	4.8	0.0254	31.7	0.000930789	120.078	240.156
800	4.8	0.0254	31.7	0.000930789	122.648	245.296
1000	4.8	0.0254	31.7	0.000930789	125.348	250.696
1250	4.8	0.0254	31.7	0.000930789	127.408	254.816
1600	4.8	0.0254	31.7	0.000930789	128.718	257.436
2000	4.8	0.0254	31.7	0.000930789	130.148	260.296
2500	4.8	0.0254	31.7	0.000930789	132.588	265.176
3150	4.8	0.0254	31.7	0.000930789	134.268	268.536
4000	4.8	0.0254	31.7	0.000930789	135.328	270.656
5000	4.8	0.0254	31.7	0.000930789	135.248	270.496
6300	4.8	0.0254	31.7	0.000930789	132.898	265.796
8000	4.8	0.0254	31.7	0.000930789	127.008	254.016
630	9.5	0.0254	71.3	0.00420654	125.726	251.452
800	9.5	0.0254	71.3	0.00420654	127.206	254.412
1000	9.5	0.0254	71.3	0.00420654	129.556	259.112
1250	9.5	0.0254	71.3	0.00420654	131.656	263.312
1600	9.5	0.0254	71.3	0.00420654	133.756	267.512
2000	9.5	0.0254	71.3	0.00420654	134.976	269.952
2500	9.5	0.0254	71.3	0.00420654	135.956	271.912
3150	9.5	0.0254	71.3	0.00420654	136.166	272.332
4000	9.5	0.0254	71.3	0.00420654	134.236	268.472
5000	9.5	0.0254	71.3	0.00420654	131.186	262.372
6300	9.5	0.0254	71.3	0.00420654	127.246	254.492
400	9.5	0.0254	55.5	0.0043284	120.952	241.904
500	9.5	0.0254	55.5	0.0043284	123.082	246.164
630	9.5	0.0254	55.5	0.0043284	125.452	250.904
800	9.5	0.0254	55.5	0.0043284	128.082	256.164
1000	9.5	0.0254	55.5	0.0043284	130.332	260.664
1250	9.5	0.0254	55.5	0.0043284	132.202	264.404
1600	9.5	0.0254	55.5	0.0043284	133.062	266.124
2000	9.5	0.0254	55.5	0.0043284	134.052	268.104
2500	9.5	0.0254	55.5	0.0043284	134.152	268.304
3150	9.5	0.0254	55.5	0.0043284	133.252	266.504
4000	9.5	0.0254	55.5	0.0043284	131.582	263.164
5000	9.5	0.0254	55.5	0.0043284	128.412	256.824
6300	9.5	0.0254	55.5	0.0043284	124.222	248.444
200	9.5	0.0254	39.6	0.00449821	116.074	232.148
250	9.5	0.0254	39.6	0.00449821	116.924	233.848
315	9.5	0.0254	39.6	0.00449821	119.294	238.588
400	9.5	0.0254	39.6	0.00449821	121.154	242.308
500	9.5	0.0254	39.6	0.00449821	123.894	247.788
630	9.5	0.0254	39.6	0.00449821	126.514	253.028
800	9.5	0.0254	39.6	0.00449821	129.014	258.028
1000	9.5	0.0254	39.6	0.00449821	130.374	260.748
1250	9.5	0.0254	39.6	0.00449821	130.964	261.928
1600	9.5	0.0254	39.6	0.00449821	131.184	262.368
2000	9.5	0.0254	39.6	0.00449821	131.274	262.548
2500	9.5	0.0254	39.6	0.00449821	131.234	262.468
3150	9.5	0.0254	39.6	0.00449821	129.934	259.868
4000	9.5	0.0254	39.6	0.00449821	127.864	255.728
5000	9.5	0.0254	39.6	0.00449821	125.044	250.088
6300	9.5	0.0254	39.6	0.00449821	120.324	240.648
200	9.5	0.0254	31.7	0.00461377	119.146	238.292
250	9.5	0.0254	31.7	0.00461377	120.136	240.272
315	9.5	0.0254	31.7	0.00461377	122.766	245.532
400	9.5	0.0254	31.7	0.00461377	124.756	249.512
500	9.5	0.0254	31.7	0.00461377	126.886	253.772
630	9.5	0.0254	31.7	0.00461377	129.006	258.012
800	9.5	0.0254	31.7	0.00461377	130.746	261.492
1000	9.5	0.0254	31.7	0.00461377	131.346	262.692
1250	9.5	0.0254	31.7	0.00461377	131.446	262.892
1600	9.5	0.0254	31.7	0.00461377	131.036	262.072
2000	9.5	0.0254	31.7	0.00461377	130.496	260.992
2500	9.5	0.0254	31.7	0.00461377	130.086	260.172
3150	9.5	0.0254	31.7	0.00461377	128.536	257.072
4000	9.5	0.0254	31.7	0.00461377	126.736	253.472
5000	9.5	0.0254	31.7	0.00461377	124.426	248.852
6300	9.5	0.0254	31.7	0.00461377	120.726	241.452
250	12.7	0.0254	71.3	0.0121808	119.698	239.396
315	12.7	0.0254	71.3	0.0121808	122.938	245.876
400	12.7	0.0254	71.3	0.0121808	125.048	250.096
500	12.7	0.0254	71.3	0.0121808	126.898	253.796
630	12.7	0.0254	71.3	0.0121808	128.878	257.756
800	12.7	0.0254	71.3	0.0121808	130.348	260.696
1000	12.7	0.0254	71.3	0.0121808	131.698	263.396
1250	12.7	0.0254	71.3	0.0121808	133.048	266.096
1600	12.7	0.0254	71.3	0.0121808	134.528	269.056
2000	12.7	0.0254	71.3	0.0121808	134.228	268.456
2500	12.7	0.0254	71.3	0.0121808	134.058	268.116
3150	12.7	0.0254	71.3	0.0121808	133.758	267.516
4000	12.7	0.0254	71.3	0.0121808	131.808	263.616
5000	12.7	0.0254	71.3	0.0121808	128.978	257.956
6300	12.7	0.0254	71.3	0.0121808	125.398	250.796
8000	12.7	0.0254	71.3	0.0121808	120.538	241.076
10000	12.7	0.0254	71.3	0.0121808	114.418	228.836
250	12.7	0.0254	39.6	0.0130253	121.547	243.094
315	12.7	0.0254	39.6	0.0130253	123.537	247.074
400	12.7	0.0254	39.6	0.0130253	125.527	251.054
500	12.7	0.0254	39.6	0.0130253	127.127	254.254
630	12.7	0.0254	39.6	0.0130253	128.867	257.734
800	12.7	0.0254	39.6	0.0130253	130.217	260.434
1000	12.7	0.0254	39.6	0.0130253	130.947	261.894
1250	12.7	0.0254	39.6	0.0130253	130.777	261.554
1600	12.7	0.0254	39.6	0.0130253	129.977	259.954
2000	12.7	0.0254	39.6	0.0130253	129.567	259.134
2500	12.7	0.0254	39.6	0.0130253	129.027	258.054
3150	12.7	0.0254	39.6	0.0130253	127.847	255.694
4000	12.7	0.0254	39.6	0.0130253	126.537	253.074
5000	12.7	0.0254	39.6	0.0130253	125.107	250.214
6300	12.7	0.0254	39.6	0.0130253	123.177	246.354
8000	12.7	0.0254	39.6	0.0130253	120.607	241.214
10000	12.7	0.0254	39.6	0.0130253	116.017	232.034
200	17.4	0.0254	71.3	0.016104	112.506	225.012
250	17.4	0.0254	71.3	0.016104	113.796	227.592
315	17.4	0.0254	71.3	0.016104	115.846	231.692
400	17.4	0.0254	71.3	0.016104	117.396	234.792
500	17.4	0.0254	71.3	0.016104	119.806	239.612
630	17.4	0.0254	71.3	0.016104	122.606	245.212
800	17.4	0.0254	71.3	0.016104	124.276	248.552
1000	17.4	0.0254	71.3	0.016104	125.816	251.632
1250	17.4	0.0254	71.3	0.016104	126.356	252.712
1600	17.4	0.0254	71.3	0.016104	126.406	252.812
2000	17.4	0.0254	71.3	0.016104	126.826	253.652
2500	17.4	0.0254	71.3	0.016104	126.746	253.492
3150	17.4	0.0254	71.3	0.016104	126.536	253.072
4000	17.4	0.0254	71.3	0.016104	125.586	251.172
5000	17.4	0.0254	71.3	0.016104	123.126	246.252
6300	17.4	0.0254	71.3	0.016104	119.916	239.832
8000	17.4	0.0254	71.3	0.016104	115.466	230.932
200	17.4	0.0254	55.5	0.0165706	109.951	219.902
250	17.4	0.0254	55.5	0.0165706	110.491	220.982
315	17.4	0.0254	55.5	0.0165706	111.911	223.822
400	17.4	0.0254	55.5	0.0165706	115.461	230.922
500	17.4	0.0254	55.5	0.0165706	119.621	239.242
630	17.4	0.0254	55.5	0.0165706	122.411	244.822
800	17.4	0.0254	55.5	0.0165706	123.091	246.182
1000	17.4	0.0254	55.5	0.0165706	126.001	252.002
1250	17.4	0.0254	55.5	0.0165706	129.301	258.602
1600	17.4	0.0254	55.5	0.0165706	126.471	252.942
2000	17.4	0.0254	55.5	0.0165706	125.261	250.522
2500	17.4	0.0254	55.5	0.0165706	124.931	249.862
3150	17.4	0.0254	55.5	0.0165706	124.101	248.202
4000	17.4	0.0254	55.5	0.0165706	121.771	243.542
5000	17.4	0.0254	55.5	0.0165706	118.941	237.882
6300	17.4	0.0254	55.5	0.0165706	114.861	229.722
200	17.4	0.0254	39.6	0.0172206	114.044	228.088
250	17.4	0.0254	39.6	0.0172206	114.714	229.428
315	17.4	0.0254	39.6	0.0172206	115.144	230.288
400	17.4	0.0254	39.6	0.0172206	115.444	230.888
500	17.4	0.0254	39.6	0.0172206	117.514	235.028
630	17.4	0.0254	39.6	0.0172206	124.514	249.028
800	17.4	0.0254	39.6	0.0172206	135.324	270.648
1000	17.4	0.0254	39.6	0.0172206	138.274	276.548
1250	17.4	0.0254	39.6	0.0172206	131.364	262.728
1600	17.4	0.0254	39.6	0.0172206	127.614	255.228
2000	17.4	0.0254	39.6	0.0172206	126.644	253.288
2500	17.4	0.0254	39.6	0.0172206	124.154	248.308
3150	17.4	0.0254	39.6	0.0172206	123.564	247.128
4000	17.4	0.0254	39.6	0.0172206	122.724	245.448
5000	17.4	0.0254	39.6	0.0172206	119.854	239.708
200	17.4	0.0254	31.7	0.0176631	116.146	232.292
250	17.4	0.0254	31.7	0.0176631	116.956	233.912
315	17.4	0.0254	31.7	0.0176631	118.416	236.832
400	17.4	0.0254	31.7	0.0176631	120.766	241.532
500	17.4	0.0254	31.7	0.0176631	127.676	255.352
630	17.4	0.0254	31.7	0.0176631	136.886	273.772
800	17.4	0.0254	31.7	0.0176631	139.226	278.452
1000	17.4	0.0254	31.7	0.0176631	131.796	263.592
1250	17.4	0.0254	31.7	0.0176631	128.306	256.612
1600	17.4	0.0254	31.7	0.0176631	126.846	253.692
2000	17.4	0.0254	31.7	0.0176631	124.356	248.712
2500	17.4	0.0254	31.7	0.0176631	124.166	248.332
3150	17.4	0.0254	31.7	0.0176631	123.466	246.932
4000	17.4	0.0254	31.7	0.0176631	121.996	243.992
5000	17.4	0.0254	31.7	0.0176631	117.996	235.992
315	22.2	0.0254	71.3	0.0214178	115.857	231.714
400	22.2	0.0254	71.3	0.0214178	117.927	235.854
500	22.2	0.0254	71.3	0.0214178	117.967	235.934
630	22.2	0.0254	71.3	0.0214178	120.657	241.314
800	22.2	0.0254	71.3	0.0214178	123.227	246.454
1000	22.2	0.0254	71.3	0.0214178	134.247	268.494
1250	22.2	0.0254	71.3	0.0214178	140.987	281.974
1600	22.2	0.0254	71.3	0.0214178	131.817	263.634
2000	22.2	0.0254	71.3	0.0214178	127.197	254.394
2500	22.2	0.0254	71.3	0.0214178	126.097	252.194
3150	22.2	0.0254	71.3	0.0214178	124.127	248.254
4000	22.2	0.0254	71.3	0.0214178	123.917	247.834
5000	22.2	0.0254	71.3	0.0214178	125.727	251.454
6300	22.2	0.0254	71.3	0.0214178	123.127	246.254
8000	22.2	0.0254	71.3	0.0214178	121.657	243.314
200	22.2	0.0254	39.6	0.0229028	116.066	232.132
250	22.2	0.0254	39.6	0.0229028	117.386	234.772
315	22.2	0.0254	39.6	0.0229028	120.716	241.432
400	22.2	0.0254	39.6	0.0229028	123.416	246.832
500	22.2	0.0254	39.6	0.0229028	129.776	259.552
630	22.2	0.0254	39.6	0.0229028	137.026	274.052
800	22.2	0.0254	39.6	0.0229028	137.076	274.152
1000	22.2	0.0254	39.6	0.0229028	128.416	256.832
1250	22.2	0.0254	39.6	0.0229028	126.446	252.892
1600	22.2	0.0254	39.6	0.0229028	122.216	244.432
2000	22.2	0.0254	39.6	0.0229028	121.256	242.512
2500	22.2	0.0254	39.6	0.0229028	121.306	242.612
3150	22.2	0.0254	39.6	0.0229028	120.856	241.712
4000	22.2	0.0254	39.6	0.0229028	119.646	239.292
5000	22.2	0.0254	39.6	0.0229028	118.816	237.632
630	0	0.1016	71.3	0.00121072	124.155	248.310
800	0	0.1016	71.3	0.00121072	126.805	253.610
1000	0	0.1016	71.3	0.00121072	128.825	257.650
1250	0	0.1016	71.3	0.00121072	130.335	260.670
1600	0	0.1016	71.3	0.00121072	131.725	263.450
2000	0	0.1016	71.3	0.00121072	132.095	264.190
2500	0	0.1016	71.3	0.00121072	132.595	265.190
3150	0	0.1016	71.3	0.00121072	131.955	263.910
4000	0	0.1016	71.3	0.00121072	130.935	261.870
5000	0	0.1016	71.3	0.00121072	130.795	261.590
6300	0	0.1016	71.3	0.00121072	129.395	258.790
8000	0	0.1016	71.3	0.00121072	125.465	250.930
10000	0	0.1016	71.3	0.00121072	123.305	246.610
12500	0	0.1016	71.3	0.00121072	119.375	238.750
630	0	0.1016	55.5	0.00131983	126.170	252.340
800	0	0.1016	55.5	0.00131983	127.920	255.840
1000	0	0.1016	55.5	0.00131983	129.800	259.600
1250	0	0.1016	55.5	0.00131983	131.430	262.860
1600	0	0.1016	55.5	0.00131983	132.050	264.100
2000	0	0.1016	55.5	0.00131983	132.540	265.080
2500	0	0.1016	55.5	0.00131983	133.040	266.080
3150	0	0.1016	55.5	0.00131983	131.780	263.560
4000	0	0.1016	55.5	0.00131983	129.500	259.000
5000	0	0.1016	55.5	0.00131983	128.360	256.720
6300	0	0.1016	55.5	0.00131983	127.730	255.460
8000	0	0.1016	55.5	0.00131983	124.450	248.900
10000	0	0.1016	55.5	0.00131983	121.930	243.860
12500	0	0.1016	55.5	0.00131983	119.910	239.820
630	0	0.1016	39.6	0.00146332	125.401	250.802
800	0	0.1016	39.6	0.00146332	128.401	256.802
1000	0	0.1016	39.6	0.00146332	130.781	261.562
1250	0	0.1016	39.6	0.00146332	132.271	264.542
1600	0	0.1016	39.6	0.00146332	133.261	266.522
2000	0	0.1016	39.6	0.00146332	133.251	266.502
2500	0	0.1016	39.6	0.00146332	132.611	265.222
3150	0	0.1016	39.6	0.00146332	130.961	261.922
4000	0	0.1016	39.6	0.00146332	127.801	255.602
5000	0	0.1016	39.6	0.00146332	126.021	252.042
6300	0	0.1016	39.6	0.00146332	125.631	251.262
8000	0	0.1016	39.6	0.00146332	122.341	244.682
10000	0	0.1016	39.6	0.00146332	119.561	239.122
630	0	0.1016	31.7	0.00150092	126.413	252.826
800	0	0.1016	31.7	0.00150092	129.053	258.106
1000	0	0.1016	31.7	0.00150092	131.313	262.626
1250	0	0.1016	31.7	0.00150092	133.063	266.126
1600	0	0.1016	31.7	0.00150092	133.553	267.106
2000	0	0.1016	31.7	0.00150092	133.153	266.306
2500	0	0.1016	31.7	0.00150092	132.003	264.006
3150	0	0.1016	31.7	0.00150092	129.973	259.946
4000	0	0.1016	31.7	0.00150092	126.933	253.866
5000	0	0.1016	31.7	0.00150092	124.393	248.786
6300	0	0.1016	31.7	0.00150092	124.253	248.506
8000	0	0.1016	31.7	0.00150092	120.193	240.386
10000	0	0.1016	31.7	0.00150092	115.893	231.786
800	3.3	0.1016	71.3	0.00202822	131.074	262.148
1000	3.3	0.1016	71.3	0.00202822	131.434	262.868
1250	3.3	0.1016	71.3	0.00202822	132.304	264.608
1600	3.3	0.1016	71.3	0.00202822	133.664	267.328
2000	3.3	0.1016	71.3	0.00202822	134.034	268.068
2500	3.3	0.1016	71.3	0.00202822	133.894	267.788
3150	3.3	0.1016	71.3	0.00202822	132.114	264.228
4000	3.3	0.1016	71.3	0.00202822	128.704	257.408
5000	3.3	0.1016	71.3	0.00202822	127.054	254.108
6300	3.3	0.1016	71.3	0.00202822	124.904	249.808
8000	3.3	0.1016	71.3	0.00202822	121.234	242.468
10000	3.3	0.1016	71.3	0.00202822	116.694	233.388
630	3.3	0.1016	55.5	0.002211	126.599	253.198
800	3.3	0.1016	55.5	0.002211	129.119	258.238
1000	3.3	0.1016	55.5	0.002211	131.129	262.258
1250	3.3	0.1016	55.5	0.002211	132.769	265.538
1600	3.3	0.1016	55.5	0.002211	133.649	267.298
2000	3.3	0.1016	55.5	0.002211	133.649	267.298
2500	3.3	0.1016	55.5	0.002211	132.889	265.778
3150	3.3	0.1016	55.5	0.002211	130.629	261.258
4000	3.3	0.1016	55.5	0.002211	127.229	254.458
5000	3.3	0.1016	55.5	0.002211	124.839	249.678
6300	3.3	0.1016	55.5	0.002211	123.839	247.678
8000	3.3	0.1016	55.5	0.002211	120.569	241.138
10000	3.3	0.1016	55.5	0.002211	115.659	231.318
630	3.3	0.1016	39.6	0.00245138	127.251	254.502
800	3.3	0.1016	39.6	0.00245138	129.991	259.982
1000	3.3	0.1016	39.6	0.00245138	131.971	263.942
1250	3.3	0.1016	39.6	0.00245138	133.211	266.422
1600	3.3	0.1016	39.6	0.00245138	133.071	266.142
2000	3.3	0.1016	39.6	0.00245138	132.301	264.602
2500	3.3	0.1016	39.6	0.00245138	130.791	261.582
3150	3.3	0.1016	39.6	0.00245138	128.401	256.802
4000	3.3	0.1016	39.6	0.00245138	124.881	249.762
5000	3.3	0.1016	39.6	0.00245138	122.371	244.742
6300	3.3	0.1016	39.6	0.00245138	120.851	241.702
8000	3.3	0.1016	39.6	0.00245138	118.091	236.182
10000	3.3	0.1016	39.6	0.00245138	115.321	230.642
630	3.3	0.1016	31.7	0.00251435	128.952	257.904
800	3.3	0.1016	31.7	0.00251435	131.362	262.724
1000	3.3	0.1016	31.7	0.00251435	133.012	266.024
1250	3.3	0.1016	31.7	0.00251435	134.022	268.044
1600	3.3	0.1016	31.7	0.00251435	133.402	266.804
2000	3.3	0.1016	31.7	0.00251435	131.642	263.284
2500	3.3	0.1016	31.7	0.00251435	130.392	260.784
3150	3.3	0.1016	31.7	0.00251435	128.252	256.504
4000	3.3	0.1016	31.7	0.00251435	124.852	249.704
5000	3.3	0.1016	31.7	0.00251435	122.082	244.164
6300	3.3	0.1016	31.7	0.00251435	120.702	241.404
8000	3.3	0.1016	31.7	0.00251435	117.432	234.864
630	6.7	0.1016	71.3	0.00478288	131.448	262.896
800	6.7	0.1016	71.3	0.00478288	134.478	268.956
1000	6.7	0.1016	71.3	0.00478288	136.758	273.516
1250	6.7	0.1016	71.3	0.00478288	137.658	275.316
1600	6.7	0.1016	71.3	0.00478288	136.678	273.356
2000	6.7	0.1016	71.3	0.00478288	134.568	269.136
2500	6.7	0.1016	71.3	0.00478288	131.458	262.916
3150	6.7	0.1016	71.3	0.00478288	124.458	248.916
500	6.7	0.1016	55.5	0.0052139	129.343	258.686
630	6.7	0.1016	55.5	0.0052139	133.023	266.046
800	6.7	0.1016	55.5	0.0052139	135.953	271.906
1000	6.7	0.1016	55.5	0.0052139	137.233	274.466
1250	6.7	0.1016	55.5	0.0052139	136.883	273.766
1600	6.7	0.1016	55.5	0.0052139	133.653	267.306
2000	6.7	0.1016	55.5	0.0052139	129.653	259.306
2500	6.7	0.1016	55.5	0.0052139	124.273	248.546
400	6.7	0.1016	39.6	0.00578076	128.295	256.590
500	6.7	0.1016	39.6	0.00578076	130.955	261.910
630	6.7	0.1016	39.6	0.00578076	133.355	266.710
800	6.7	0.1016	39.6	0.00578076	134.625	269.250
1000	6.7	0.1016	39.6	0.00578076	134.515	269.030
1250	6.7	0.1016	39.6	0.00578076	132.395	264.790
1600	6.7	0.1016	39.6	0.00578076	127.375	254.750
2000	6.7	0.1016	39.6	0.00578076	122.235	244.470
315	6.7	0.1016	31.7	0.00592927	126.266	252.532
400	6.7	0.1016	31.7	0.00592927	128.296	256.592
500	6.7	0.1016	31.7	0.00592927	130.206	260.412
630	6.7	0.1016	31.7	0.00592927	132.116	264.232
800	6.7	0.1016	31.7	0.00592927	132.886	265.772
1000	6.7	0.1016	31.7	0.00592927	131.636	263.272
1250	6.7	0.1016	31.7	0.00592927	129.256	258.512
1600	6.7	0.1016	31.7	0.00592927	124.346	248.692
2000	6.7	0.1016	31.7	0.00592927	120.446	240.892
200	8.9	0.1016	71.3	0.0103088	133.503	267.006
250	8.9	0.1016	71.3	0.0103088	134.533	269.066
315	8.9	0.1016	71.3	0.0103088	136.583	273.166
400	8.9	0.1016	71.3	0.0103088	138.123	276.246
500	8.9	0.1016	71.3	0.0103088	138.523	277.046
630	8.9	0.1016	71.3	0.0103088	138.423	276.846
800	8.9	0.1016	71.3	0.0103088	137.813	275.626
1000	8.9	0.1016	71.3	0.0103088	135.433	270.866
1250	8.9	0.1016	71.3	0.0103088	132.793	265.586
1600	8.9	0.1016	71.3	0.0103088	128.763	257.526
2000	8.9	0.1016	71.3	0.0103088	124.233	248.466
2500	8.9	0.1016	71.3	0.0103088	123.623	247.246
3150	8.9	0.1016	71.3	0.0103088	123.263	246.526
4000	8.9	0.1016	71.3	0.0103088	120.243	240.486
5000	8.9	0.1016	71.3	0.0103088	116.723	233.446
6300	8.9	0.1016	71.3	0.0103088	117.253	234.506
200	8.9	0.1016	39.6	0.0124596	133.420	266.840
250	8.9	0.1016	39.6	0.0124596	134.340	268.680
315	8.9	0.1016	39.6	0.0124596	135.380	270.760
400	8.9	0.1016	39.6	0.0124596	135.540	271.080
500	8.9	0.1016	39.6	0.0124596	133.790	267.580
630	8.9	0.1016	39.6	0.0124596	131.920	263.840
800	8.9	0.1016	39.6	0.0124596	130.940	261.880
1000	8.9	0.1016	39.6	0.0124596	129.580	259.160
1250	8.9	0.1016	39.6	0.0124596	127.710	255.420
1600	8.9	0.1016	39.6	0.0124596	123.820	247.640
2000	8.9	0.1016	39.6	0.0124596	119.040	238.080
2500	8.9	0.1016	39.6	0.0124596	119.190	238.380
3150	8.9	0.1016	39.6	0.0124596	119.350	238.700
4000	8.9	0.1016	39.6	0.0124596	116.220	232.440
5000	8.9	0.1016	39.6	0.0124596	113.080	226.160
6300	8.9	0.1016	39.6	0.0124596	113.110	226.220
200	12.3	0.1016	71.3	0.0337792	130.588	261.176
250	12.3	0.1016	71.3	0.0337792	131.568	263.136
315	12.3	0.1016	71.3	0.0337792	137.068	274.136
400	12.3	0.1016	71.3	0.0337792	139.428	278.856
500	12.3	0.1016	71.3	0.0337792	140.158	280.316
630	12.3	0.1016	71.3	0.0337792	135.368	270.736
800	12.3	0.1016	71.3	0.0337792	127.318	254.636
1000	12.3	0.1016	71.3	0.0337792	127.928	255.856
1250	12.3	0.1016	71.3	0.0337792	126.648	253.296
1600	12.3	0.1016	71.3	0.0337792	124.748	249.496
2000	12.3	0.1016	71.3	0.0337792	122.218	244.436
2500	12.3	0.1016	71.3	0.0337792	121.318	242.636
3150	12.3	0.1016	71.3	0.0337792	120.798	241.596
4000	12.3	0.1016	71.3	0.0337792	118.018	236.036
5000	12.3	0.1016	71.3	0.0337792	116.108	232.216
6300	12.3	0.1016	71.3	0.0337792	113.958	227.916
200	12.3	0.1016	55.5	0.0368233	132.304	264.608
250	12.3	0.1016	55.5	0.0368233	133.294	266.588
315	12.3	0.1016	55.5	0.0368233	135.674	271.348
400	12.3	0.1016	55.5	0.0368233	136.414	272.828
500	12.3	0.1016	55.5	0.0368233	133.774	267.548
630	12.3	0.1016	55.5	0.0368233	124.244	248.488
800	12.3	0.1016	55.5	0.0368233	125.114	250.228
1000	12.3	0.1016	55.5	0.0368233	125.484	250.968
1250	12.3	0.1016	55.5	0.0368233	124.214	248.428
1600	12.3	0.1016	55.5	0.0368233	121.824	243.648
2000	12.3	0.1016	55.5	0.0368233	118.564	237.128
2500	12.3	0.1016	55.5	0.0368233	117.054	234.108
3150	12.3	0.1016	55.5	0.0368233	116.914	233.828
4000	12.3	0.1016	55.5	0.0368233	114.404	228.808
5000	12.3	0.1016	55.5	0.0368233	112.014	224.028
6300	12.3	0.1016	55.5	0.0368233	110.124	220.248
200	12.3	0.1016	39.6	0.0408268	128.545	257.090
250	12.3	0.1016	39.6	0.0408268	129.675	259.350
315	12.3	0.1016	39.6	0.0408268	129.415	258.830
400	12.3	0.1016	39.6	0.0408268	128.265	256.530
500	12.3	0.1016	39.6	0.0408268	122.205	244.410
630	12.3	0.1016	39.6	0.0408268	121.315	242.630
800	12.3	0.1016	39.6	0.0408268	122.315	244.630
1000	12.3	0.1016	39.6	0.0408268	122.435	244.870
1250	12.3	0.1016	39.6	0.0408268	121.165	242.330
1600	12.3	0.1016	39.6	0.0408268	117.875	235.750
2000	12.3	0.1016	39.6	0.0408268	114.085	228.170
2500	12.3	0.1016	39.6	0.0408268	113.315	226.630
3150	12.3	0.1016	39.6	0.0408268	113.055	226.110
4000	12.3	0.1016	39.6	0.0408268	110.905	221.810
5000	12.3	0.1016	39.6	0.0408268	108.625	217.250
6300	12.3	0.1016	39.6	0.0408268	107.985	215.970
200	12.3	0.1016	31.7	0.0418756	124.987	249.974
250	12.3	0.1016	31.7	0.0418756	125.857	251.714
315	12.3	0.1016	31.7	0.0418756	124.717	249.434
400	12.3	0.1016	31.7	0.0418756	123.207	246.414
500	12.3	0.1016	31.7	0.0418756	118.667	237.334
630	12.3	0.1016	31.7	0.0418756	119.287	238.574
800	12.3	0.1016	31.7	0.0418756	120.037	240.074
1000	12.3	0.1016	31.7	0.0418756	119.777	239.554
1250	12.3	0.1016	31.7	0.0418756	118.767	237.534
1600	12.3	0.1016	31.7	0.0418756	114.477	228.954
2000	12.3	0.1016	31.7	0.0418756	110.447	220.894
2500	12.3	0.1016	31.7	0.0418756	110.317	220.634
3150	12.3	0.1016	31.7	0.0418756	110.307	220.614
4000	12.3	0.1016	31.7	0.0418756	108.407	216.814
5000	12.3	0.1016	31.7	0.0418756	107.147	214.294
6300	12.3	0.1016	31.7	0.0418756	107.267	214.534
200	15.6	0.1016	71.3	0.0437259	130.898	261.796
250	15.6	0.1016	71.3	0.0437259	132.158	264.316
315	15.6	0.1016	71.3	0.0437259	133.808	267.616
400	15.6	0.1016	71.3	0.0437259	134.058	268.116
500	15.6	0.1016	71.3	0.0437259	130.638	261.276
630	15.6	0.1016	71.3	0.0437259	122.288	244.576
800	15.6	0.1016	71.3	0.0437259	124.188	248.376
1000	15.6	0.1016	71.3	0.0437259	124.438	248.876
1250	15.6	0.1016	71.3	0.0437259	123.178	246.356
1600	15.6	0.1016	71.3	0.0437259	121.528	243.056
2000	15.6	0.1016	71.3	0.0437259	119.888	239.776
2500	15.6	0.1016	71.3	0.0437259	118.998	237.996
3150	15.6	0.1016	71.3	0.0437259	116.468	232.936
4000	15.6	0.1016	71.3	0.0437259	113.298	226.596
200	15.6	0.1016	39.6	0.0528487	123.514	247.028
250	15.6	0.1016	39.6	0.0528487	124.644	249.288
315	15.6	0.1016	39.6	0.0528487	122.754	245.508
400	15.6	0.1016	39.6	0.0528487	120.484	240.968
500	15.6	0.1016	39.6	0.0528487	115.304	230.608
630	15.6	0.1016	39.6	0.0528487	118.084	236.168
800	15.6	0.1016	39.6	0.0528487	118.964	237.928
1000	15.6	0.1016	39.6	0.0528487	119.224	238.448
1250	15.6	0.1016	39.6	0.0528487	118.214	236.428
1600	15.6	0.1016	39.6	0.0528487	114.554	229.108
2000	15.6	0.1016	39.6	0.0528487	110.894	221.788
2500	15.6	0.1016	39.6	0.0528487	110.264	220.528
3150	15.6	0.1016	39.6	0.0528487	109.254	218.508
4000	15.6	0.1016	39.6	0.0528487	106.604	213.208
5000	15.6	0.1016	39.6	0.0528487	106.224	212.448
6300	15.6	0.1016	39.6	0.0528487	104.204	208.408
